7157
207
23451
3845
2625
4214
999
9611
6416
861
4763
5925
8289
6926
8085
865
10664
1108
5295
10735
841
3169
4602
677
23266
1027
79718
675
288
2064
4627
9439
6103
3054
79784
4853
6709
55749
5984
790
57522
91
2874
5590
55294
673
4893
3417
29072
1956
8242
196528
23152
55193
9817
6794
84295
8880
1964
23499
79026
9968
10142
79987
259266
545
4297
2475
55870
64324
51755
4629
7204
9869
8997
1974
23269
2122
2909
4928
10274
6597
54880
10076
2322
10564
2186
27086
9862
7812
2033
2335
54796
80205
5291
4040
6654
54510
1654
27125
10043
2068
3312
57122
55914
659
1213
4851
23512
3105
4849
6655
3131
1665
1981
48
3936
8394
4929
57591
8454
3842
2521
63967
6789
5931
6421
1997
4149
192669
406
9314
9908
10498
6934
9871
831
23122
23305
200958
4771
6453
10181
9716
4481
9967
9950
60
6009
466
471
5046
7048
10963
5079
7027
5742
10397
8503
1456
