4.269064091723649979e-01 1.587083075335294469e+00 2.316391096472487920e-01 2.544959013107799331e-02 2.293468827883666350e+00 1.156887241611055661e-01 1.671376091015746690e+00 4.138203605533503082e-01 1.886356631024290742e+00 1.675112483285684517e-02
2.705956680977271045e+00 3.786765971601115055e+00 2.726091305659285591e-01 2.289207869403350193e-01 1.181346300339153194e-01 6.123972927050619353e-01 3.343192675539800596e-01 2.134940317496534679e+00 6.695841364645929161e-01 7.736696966187384117e-02
8.397115648195450088e-01 2.602275207509713972e+00 9.913271274344650497e-01 3.940276317198439515e-01 1.635529575534167834e-01 5.018713138473496205e-01 7.274562926964349696e-01 5.558890152645650229e-01 2.209623067933193852e+00 1.839794171693927838e-01
3.936948323961631524e-01 2.953661350034123001e-01 1.102531893446920597e+00 2.439426345776988525e-01 1.491411651058757171e-01 3.515672704903735624e-01 3.646280153475886188e+00 3.659894249453803372e-01 2.426527516786575411e+00 6.207635387875597432e-01
3.180086037313937908e+00 5.315742941692622736e-01 2.293023417926694507e-01 3.476430207095932978e+00 8.372602984709757168e-01 9.445891421706991142e-01 1.113780109426376175e+00 2.685287445287548591e-01 6.372715976330647347e-01 8.697281854711938487e-02
5.589496264127675751e-01 3.089135133875094308e+00 1.066336251361314824e+00 2.929983752873900338e-01 1.378965533737165572e+00 3.603198520022896090e-01 3.488259197854659543e-01 7.780738769952794120e-01 5.227909081347994480e-01 4.902341586294600706e-02
4.262433659568755362e-02 1.380267507618009537e+00 4.232138473270623535e-01 2.981292389183634040e-01 1.888143440629224568e+00 7.605600617450094525e-01 7.724490855431167535e-01 3.209066537840339350e+00 3.625183627096136840e-01 8.300984960816711888e-01
2.317044173067514645e+00 1.264898655492390889e+00 1.098917599735735218e+00 1.354359122442687191e+00 5.230094532007779629e-01 1.746627317398610768e-01 2.705748869306905391e-01 1.127791197783857058e+00 1.868925375975446945e+00 2.968291539381210153e+00
6.823955842840661035e-01 2.588564574905994897e-01 3.464923720174618582e-01 8.507179348560640897e-02 7.938991094631457635e-02 2.381741011969776611e+00 1.561156674485699503e+00 1.011580978561166688e+00 3.211147583290991925e-01 1.656304964945131131e-01
2.082718898430350463e-01 1.776554926771851950e-01 1.844689464814399882e+00 3.839864087342306775e-01 5.676670646738364301e-01 8.017885668274364885e-01 9.770292127197023613e-02 4.490208901816821752e-01 2.456708415403770385e+00 6.342463745286881782e-02
6.481720257728791346e-01 4.635952481112999846e-01 2.495705446141816886e+00 2.231349138905972251e-01 1.980869489392319549e+00 1.517256087873533499e+00 2.257131855654249897e+00 4.577723224635400490e-01 6.810455680927979261e-01 1.483019720199086455e+00
1.632396762067379825e+00 1.181134714341705472e+00 5.321069630357662561e+00 1.225991581548909783e-02 7.811528411057859778e-01 3.473297088099795010e-02 9.455174484382208311e-01 5.100689086415612916e-01 1.796647501258888280e+00 4.475058923786156662e+00
3.180087907183082319e+00 3.366883327061001574e-02 8.162863800401132242e-01 1.276747706525174497e-01 3.324648216682556390e-01 2.962378697170867659e-01 1.408929559552697164e+00 1.731650670810941817e+00 1.437944278088102434e+00 6.492348064210420322e-01
5.755178522318542267e-02 2.250303044531338781e-01 2.392016338350429761e-01 5.736732034501824257e-02 2.481293810272192785e-02 1.673983355141266172e+00 1.268109459027093822e+00 6.907637202738898807e-01 8.288920001208881505e-01 9.018432886716459818e-01
6.391191251001587803e-02 1.051563588446032593e+00 4.045066368309322979e-01 9.650590252533361446e-02 1.346669064525533477e+00 6.164283734506161849e-01 3.095046745594320026e+00 1.694232726047881221e-01 8.726408775190678258e-01 7.219053018570985580e-01
1.031949509948853150e+00 1.915497780061687638e-01 2.148478027756024034e+00 1.226417273545435283e+00 1.683175133671015872e-02 4.512180484723319340e-01 2.545928468728923116e-02 4.931371441733867766e-01 3.020059424766583650e-02 2.441121930942440788e+00
1.223849411937514703e-01 2.183267535935341286e+00 1.772874315489125774e+00 3.825557318466310974e+00 1.049104734811237671e+00 3.312497571791125917e-01 3.071377487391197536e-01 1.317945096834730156e+00 1.746736343611852427e-01 1.237237040751076655e+00
1.308847575223937021e+00 3.150434856839424980e-02 9.529057906491446017e-01 3.248132445479785968e+00 4.621534069563074665e-01 7.085483342399770401e-02 4.647349566299031620e-01 9.573483077404812969e-01 1.091504384886432977e+00 1.865316136075059639e+00
1.601317288942860406e+00 2.258152628451809640e+00 8.675590772722429067e-01 4.219228961198080441e-01 1.101399785307606072e+00 2.570612077062078837e-01 9.554318822314390725e-02 1.132223967378132690e+00 2.469099227632543525e-01 2.865928982822601445e-01
1.156861133257474528e+00 1.659564962356987472e-01 8.052904206187014857e-01 1.474509068370050802e+00 5.815995383033939481e-01 1.978382314451365975e-01 1.329361247811456037e+00 3.077663349053013864e+00 6.147767566959089214e-01 4.056084533446569496e-01
1.215113583856050283e+00 6.878534594466987340e-01 2.034548083100941707e+00 4.042857031035987925e-01 1.259510424988842248e+00 1.002793974438032976e+00 2.048007685375816123e-01 5.774648960898604022e-01 1.380743574182869304e+00 6.717539233456311099e-01
7.187662941666663752e-01 7.395296312963691721e-01 1.837277361639078510e+00 4.299753463656018071e-01 3.548027753262694151e-01 1.354883975790530881e+00 1.959932609099988454e+00 1.123122045083901899e+00 2.641458012460879523e+00 1.030918322364859696e+00
4.387530978717548713e-01 6.923487014319040789e-02 1.869045959098748044e+00 1.014225619094863529e+00 4.348500318348404114e+00 4.991441901636066263e-03 1.168380566260404985e+00 4.209659308310779169e-01 1.130173664494275587e-01 7.123742273095877431e-02
3.451205137328483552e-01 7.707378258933410553e-01 2.101758162182958412e+00 4.819919292763972241e-01 1.045177186211509568e+00 9.558945132930530830e-01 3.728692580300822512e-01 9.603890256602659603e-02 8.318633717053258714e-01 1.934169066938644377e-01
3.673355827092715131e+00 5.772126912418450440e-01 2.017813637723697262e+00 2.880086114272966125e+00 6.422977516063023418e-02 4.089611087761852448e-01 9.257757790743585957e-01 8.708235330023013088e-01 1.905622012437351964e+00 7.228054827597071297e-01
8.038547847564754267e-01 1.002439449966949336e+00 2.076421089698480049e+00 1.878478702339445139e+00 4.807159894969082470e-01 4.104484546453670557e-01 1.674987908187458796e+00 2.199675873789422642e+00 7.545854627067796194e-01 1.542036282321695706e-01
1.376122542928703618e+00 8.249552939336373125e-01 3.964806863915653512e+00 3.732944042129761053e-01 1.082996200987694113e+00 4.666472839874497569e-01 1.529040220974491916e-02 2.402200249124641640e-01 6.239470046292410199e-01 6.971154372974697200e-01
2.575772891067809600e-01 4.622853325296389926e+00 2.217441071711391931e+00 1.444094664753759472e-01 1.014067637611826722e+00 7.630452777573007994e-01 3.833475145413692275e-01 7.957962765632571323e-01 3.690337710121616710e-01 8.002376760121192589e-01
2.681073058295105227e+00 2.182203069112608862e+00 5.157912904354640116e-01 7.613654304885979496e-01 1.417318658059294689e+00 2.870343503537051699e-01 1.267208777985760482e-01 2.148535874043977056e+00 1.028953458406688837e+00 9.159841077169220691e-01
8.118920537548681704e-01 9.761234140929095915e-01 3.447176304977277450e+00 1.200805032357543378e-01 7.142573106912618597e-01 1.371262368019257050e+00 4.178061318251485301e-01 1.607233635694421681e+00 4.002749039343443949e-01 6.299578362001507781e-01
1.161881691497801405e+00 1.639758760521925929e+00 3.897888480631093167e-01 1.629729040536226803e+00 2.667678962364026796e-01 4.261489208752450963e+00 2.480627711584849848e+00 5.749091467894591467e-01 2.580303803697449716e+00 4.417877592614175564e-01
2.262467337253616304e-02 8.844370355845198040e-01 7.782964693488260366e+00 1.233786074307357872e+00 1.121304627130864651e+00 2.308546042878891758e-01 2.334533270680050621e-01 1.174831534904223540e+00 2.508408166479533796e-01 1.325548113448071774e-01
1.685744949921110125e+00 8.578287289494619383e-01 5.110528795847221195e-01 3.376815807942317726e-01 6.045692119446965940e-02 9.217881447574489684e-01 2.334525935847721279e+00 6.379146827397189079e-02 1.933436279654440426e+00 1.287919528468006281e+00
1.084510667007009044e+00 1.161910585438097887e-01 4.747291703258807796e-03 2.105629283683530528e-01 2.004693354953472895e+00 8.748518547335378814e-01 2.599300219529691702e+00 4.654128419212527623e-01 3.365710070120853104e-01 2.018210158037090501e-02
8.147143235324058042e-01 1.158960024170925474e+00 6.789284491704968838e-01 3.756456771138243944e+00 1.446828217614662515e+00 1.066776514666766484e+00 5.724243686764223238e-01 5.806379561306292958e-01 2.291171450329817283e+00 1.872010350880784491e-01
1.701920973606587006e+00 4.145540744689420798e+00 1.133916373848460335e+00 8.682902651323030074e-01 4.343142847202735024e-01 1.250944683317342321e+00 7.799448133657459481e-01 1.261831591916225292e+00 1.989696551625906029e-01 2.028638978512176116e+00
6.098664339238124565e-01 1.058392097316330355e-01 1.625739307557862556e+00 2.854668161081360123e-01 1.529597857993510779e+00 2.383855141039256942e-01 9.076662666268613400e-01 1.101541448202544959e+00 2.777242483082119628e-01 2.859834918259053227e-01
5.555881398858980580e-01 3.388911575469814030e-01 2.634720178590712170e+00 2.766493380681358971e+00 1.147980968212496400e-01 2.344399039050163724e-01 4.620806751159871606e-01 1.480941422605949853e+00 4.136931051748690691e-02 7.325031962292506693e-02
1.557738472539853314e+00 6.293521167192999144e-01 3.211503998961776407e+00 7.311645765306096223e-02 1.555247410993447987e+00 1.289489793873485501e+00 1.931816207452894674e-01 9.075397706670297326e-01 2.169992305902902707e+00 1.921063762774091632e+00
1.468880737374630707e-01 1.899625252989955160e-01 9.290606192383119022e-02 6.812293677399400282e-01 1.419706450106949180e+00 6.204101952091449768e-01 1.414739754086533852e+00 4.453658361888623296e-01 2.773996572986725528e+00 4.799453858583160870e-01
5.976600927870292512e-01 1.349569803266201518e-01 2.285891084623775438e+00 1.806336947107208823e-01 6.109166060927895270e-01 5.093331666712764827e-01 1.158970448822273930e-01 2.852398940779443670e-01 3.453722903963410418e-01 6.861196354777229223e-01
1.479774227646643014e-01 7.816294031228777639e-01 3.552648730837960622e-01 1.585546823064570288e-01 8.728782503082648248e-01 2.866142872736791691e+00 3.138903008112822746e-01 4.297284863020592316e-01 5.262205716108301484e-02 9.465325421342447587e-01
7.541903043261410922e-01 2.957904052499868430e-01 5.278311592764590721e-01 1.327874167571282404e-01 1.808498651038995098e+00 7.594854608516683481e-01 1.416123766982942733e+00 9.963398291329554901e-01 4.567795016306578915e-01 5.937284090124534952e-01
2.126075294989489273e-01 1.656121854490927081e+00 2.379249439188090065e+00 4.385334779478929357e-01 2.011390842692895586e-01 3.219943431066640271e-01 1.908737748035183729e-02 1.163494311295783623e+00 6.368304129543057579e-01 2.344747480271023754e+00
2.092688599137677574e+00 2.573142087327792149e-01 1.615504601972233001e+00 5.544667927408983843e-01 3.975389451785514838e-01 1.468018565159083133e+00 6.754889028980020083e-01 8.141256742216830267e-01 5.486063676743960782e-01 4.143754563821966386e-01
9.356646344306199237e-02 1.322688839238713721e+00 1.616622847784065620e+00 1.741158144065648505e+00 2.110735452177800564e+00 7.656860677800518544e-02 8.534930680993811913e-01 1.670009292677690216e-01 2.972619074198088462e-01 1.510192758207470121e+00
5.987860148803686444e-01 8.601107744433900137e-01 1.579373109829473876e+00 8.309407571088891498e-01 2.346024193027193672e+00 1.307008984350079617e+00 2.498876564085598107e-01 2.646243382819912227e-01 3.425680518942343378e-01 4.043838113125262229e-02
4.606283494020237401e-01 2.635837006684623174e-01 2.238905035086507844e+00 6.906155183370034367e-02 1.969187418981606097e+00 1.559874564415318632e-01 8.306520688554627219e-01 2.599921467927428065e+00 1.924129085405001494e+00 2.901648816841573830e-01
1.089086689012674913e+00 3.948987792843998257e+00 2.818485949542113733e+00 2.753300737973527923e+00 6.741410153079260281e-01 1.608289558688431875e-01 9.296845166522321735e-02 1.057511298046265757e+00 1.054318494542656248e+00 4.573155651164539925e-01
9.666579467040310458e-01 1.404157567677746465e+00 2.160656958731421995e-01 7.599035686892599561e-02 4.893581907648193452e-01 3.812797444759002952e-01 4.344581317252373398e-01 1.633255151817616824e+00 6.697705047973497194e+00 8.727252510783318762e-01
1.720261676775792781e+00 1.306965820579561788e+00 1.373156929250463898e-01 4.221278109150455315e-01 6.815825117943254963e-01 1.854488059031230429e-01 6.759021867618054680e-01 7.916543508905808657e-02 1.555923933204687692e+00 1.215738868427173269e+00
9.199755165655375544e-01 7.646209797222038862e-01 3.639657026580620069e+00 2.198624087008337058e-01 4.515162600312806057e-03 2.064328709001726214e-01 2.409715356485293114e+00 4.287459675330018705e-02 1.257334479957199047e+00 3.472919431811659075e-01
7.493217332514751083e-01 1.015501738208373750e+00 2.341430911299886286e-01 5.223278249465486134e-01 1.561268165763695093e-01 2.826280775863605932e+00 2.692237282019102618e-01 7.005928649802162234e-01 1.998696420147070496e+00 7.717408934997445069e-01
3.010535010137111556e+00 2.006688382194153977e-02 5.175654577312907567e-02 3.380961093515901794e-01 1.677692218991050588e+00 1.851852526103441726e-02 3.159689253890220595e+00 1.313746924617698486e+00 1.184903151741649951e+00 1.456324138137382151e+00
2.080570754752800955e+00 4.719037873711880160e-02 6.842285111321179114e-01 2.954240330524161573e-01 6.596649023491932828e-01 1.675504228821342312e-01 1.475936836099087102e-01 1.768356594915324043e-01 3.661915840309704628e-01 9.867319841938435587e-01
3.291564396777679757e-01 2.331190297603457084e-01 4.529985288235024443e-01 1.228551402657230285e-01 1.504885358682050978e+00 1.245476853909233350e+00 1.195394001376820725e+00 4.676682022339235800e-01 3.622431286362683522e+00 1.699104102732907018e+00
1.136637698828459664e+00 1.909726727177452898e-01 1.409856691409735463e+00 1.795005483035121696e-01 2.293830727226711941e-01 1.379781727777211087e+00 1.816000535520397030e-02 4.489923369084222182e-01 4.260968438550465920e-01 8.747397392103308800e-01
8.390348530300028029e-01 1.816869875144553781e+00 2.042099323402505551e+00 4.249119449280511773e+00 3.039464226270473524e-01 7.756432314898290548e-01 4.964583573554355311e-01 1.936044362146642550e+00 2.233120836580137158e+00 2.045902618520234917e+00
1.280505677558682054e+00 4.745855331430295365e-01 9.975102464534637559e-01 1.605077234616708370e+00 1.863331873123810434e+00 8.557752448172581961e-01 4.159253857903036367e-01 3.260451884605560569e+00 5.528241786117191747e-01 3.857772315388853235e-01
1.019010203800492453e+00 1.747348253149886288e-01 2.083815506352998170e+00 2.813833866438079090e-01 1.048004790448045620e+00 1.417623720809984889e+00 1.601278051820485215e+00 1.299493821302714069e+00 6.932425565354394248e-01 4.883719427357148812e-01
6.078736329356506651e-01 7.120639585627367429e-01 1.949149127590434016e+00 1.506256881503715173e+00 1.225529440543470905e+00 3.404707367385656491e-01 3.357906188777256329e+00 8.945509421494037827e-01 8.198530939347268287e-01 9.709666358246863416e-01
7.211143247803387668e-01 2.144266660456867202e-01 5.013148435774367195e-01 2.753402853699419506e+00 2.364672070615476684e+00 4.809082255422226226e-01 5.787830419369607848e-02 5.173913568824391185e-02 9.033912711015872343e-01 6.196295703994922910e-01
6.803299209088256583e-02 1.000030292920137232e+00 1.612563380423135129e-01 5.654858630307342260e-01 2.707932905725591866e+00 3.071439696788008655e-01 2.146678870631772540e+00 1.167504617473062556e+00 1.056318522855870912e+00 1.493039854667070010e+00
1.197624816509756940e+00 3.128876352307882053e-02 1.803027594071164641e+00 4.956252314734438391e-01 2.528996390985939757e-01 9.874260291387698674e-01 6.087709262642033714e-01 1.641093187648247631e-01 9.254004554131941562e-01 2.939577245122722560e-01
1.870293132134280167e+00 1.628198450385842655e+00 5.249774114309391920e-02 3.317717345670598394e+00 9.474124525195586066e-02 4.815223525442856034e-01 2.454959633714219325e-01 1.047106029985274238e-02 1.835010293757106392e-01 6.224888832916314341e-01
8.352839334702090168e-01 3.246245530459847539e-01 2.473174527193241712e+00 9.448871301683473556e-01 1.668857153579286434e+00 7.126935410005076355e-01 7.518091198359623251e-01 7.830823772612858225e-01 3.832522934725645647e-01 1.088117861804911192e-02
1.594839391729598654e+00 2.598030322504853995e+00 1.139571733085807059e+00 1.043991934303449831e+00 9.327837248863086739e-01 4.362043794842273940e-03 1.846342701951108473e-02 6.404113753510011220e-01 3.408320371137402160e-01 2.086685109422453943e-01
5.196128291052038994e-01 1.450327105000490113e-01 4.150020400745566995e+00 1.336902745882119659e+00 4.881344785231775396e-01 2.942237668493957070e+00 1.353684286350086863e+00 2.173034548374884467e-01 4.355032280053147686e-02 3.903298004428079060e-01
1.286274490296760886e+00 1.087368705295841398e+00 6.085510022268006303e+00 3.525322517507915032e-01 4.498288299079874486e-01 2.443112718889084878e+00 1.069443184978128070e+00 2.306936991949135735e-02 9.876530792989403063e-01 2.269078495322186306e+00
1.062630476907205024e+00 2.039004293854353111e+00 2.413033196696843685e+00 2.233927596281783057e+00 1.637952563627791680e-01 1.510889971844504298e-01 1.826347684994362730e+00 1.575873971452139477e+00 2.826178499756943907e+00 6.793638855547466937e-01
1.825769936038428520e+00 1.879814316605933788e+00 1.773434554023712861e-01 8.714221159769548475e-01 8.126916693497305832e-01 5.791280925621162812e-01 3.552266514663599550e-01 3.829749764122323263e+00 8.625441053326498020e-01 1.916791847051107223e-01
2.806735207397515475e-01 4.678932528968925419e-01 5.907200788310122685e-02 1.717843753557528386e+00 6.842733185835415677e-01 1.625292439787718590e-01 1.168410925644228548e+00 2.426066662444990918e+00 3.151230420509143482e+00 1.828684501853790056e-01
8.548681087764898878e-01 1.620693476789818677e+00 5.310249253802894476e-01 2.972279144978136056e-01 4.609165779142919694e-01 9.714213712221050345e-01 1.724312158144590601e+00 9.148198561812637131e-01 9.894348654551713904e-03 9.756822816631560702e-02
1.373577693425595658e+00 1.815094082727190250e-01 5.800893460762299725e-01 1.911064008114047308e+00 1.359355398200909892e-01 2.099157764751286237e+00 3.522312585238831506e-01 6.862308278559957619e-01 6.715656919936253966e-02 3.101477273731644502e+00
2.098505322546871665e-01 6.659723113092865798e-01 1.866548408309447904e+00 1.301616560666494192e-02 2.492850627947807318e+00 7.500908383327556939e-01 6.556394999834429527e-01 1.135724312145729886e+00 2.529331975324017101e+00 1.632717339228182685e-01
1.555080811033995591e-01 3.829168265865736526e-02 1.636060848607043539e-01 2.301437913347834208e+00 2.078052655799936144e+00 2.904414194561419915e-01 1.369011641083179187e+00 6.801526380782259018e-01 9.087761492352475212e-02 5.141090543624382558e-01
8.467333585955977293e-01 9.979455096988977258e-01 2.219842108549512361e-01 1.451497345075665635e+00 2.775502173171363829e+00 9.285883252431116619e-02 8.178192414230445184e-01 8.385220436959213153e-01 7.979242553522638420e-03 9.023341816215291189e-01
1.044099524407812618e+00 1.390802266538473941e-01 9.568838621930328969e-01 9.024980829352796663e-02 5.933951651403688299e-01 2.512604071372758208e-01 5.268952527894329441e-01 2.144633816670902693e+00 1.289881536417382568e+00 1.606492209114218417e+00
7.973720441753570087e-01 5.912982676206854915e-01 1.663233034437953783e+00 1.112387469337737800e+00 6.319875639334557871e-01 1.525301020165100718e-01 1.645384797760655049e+00 2.470548510975710266e-01 1.006751444526771677e-01 4.251797800518519188e-01
5.144645365265433368e-01 6.666991324142462760e-02 2.188771532896505168e-01 1.370339420162412170e+00 2.218461121321499974e+00 1.227922145995300252e+00 1.016394022141011710e+00 1.394984899280152568e+00 1.688120252007124567e+00 2.846935021534481320e-03
1.233114149752319699e+00 1.472141607202701041e-01 2.147579120881244030e+00 5.082333506538689871e-01 1.931001258181159974e+00 9.470040482753603328e-01 5.708013070790410204e+00 1.466671353753675078e+00 1.373752490756100286e+00 7.025314170740430686e-02
2.906639557974364796e-01 1.784410696361231896e-01 1.358435045638556105e+00 1.262602168172992367e-01 1.205973604603134186e+00 4.866184564442585514e-01 2.243588818712629607e-01 8.073587959786394652e-01 5.896499841840584510e-01 6.892985277267069666e-01
1.489389668356058793e+00 1.689941111044684030e+00 2.386869129960864921e-01 1.273425105844072369e-01 1.442149902346677282e+00 1.219597396597701833e+00 1.756558312319370652e+00 2.200327814055289100e+00 2.097887000478886765e+00 2.536153582035302056e-01
2.619290999540308640e+00 9.940298148354226981e+00 1.083899258213249395e+00 1.007966948135815333e+00 2.568869045340252288e+00 2.688957904432470070e+00 2.426286931819003012e+00 1.109559595393256659e+00 1.641340678149268983e+00 6.026879719882378694e-01
9.178942888752302798e-01 6.367138677158763471e-01 1.730255761059623865e+00 1.340874009413776102e+00 1.932186409926608839e+00 1.616526417845535191e+00 1.127623271874520272e+00 3.477426399147211522e-01 2.719568176317971542e+00 2.340429367028463492e+00
1.330648941070313507e+00 3.569793152471132380e+00 3.080219161171305231e+00 1.362987070100071807e-01 9.671654460526299402e-02 4.533010561980586189e-02 1.534450845802566854e-01 1.353618020744539630e+00 9.827079236986917543e-01 9.571974473120185012e-01
1.100977399783823030e+00 1.182720635456948610e+00 1.093764962425379572e+00 1.819624219377394825e+00 2.053119728877416707e-03 1.529238166412617339e+00 1.838443701264987018e+00 1.563549620588347899e+00 5.839496857426886844e-01 1.243347255314339206e+00
1.116097163317493646e+00 1.697116234992003189e-02 1.191479977981647898e-01 9.656120688174082978e-02 2.440949423617803926e-01 1.639987164239733453e-01 3.009132188918835493e-01 6.408079380488823640e-01 2.818911593067762733e-01 6.960417638726756895e-01
2.085764620580957129e-01 2.060741567014370279e+00 7.381448861143983242e-01 3.918422447497837413e-01 1.990234863433875123e+00 3.644810393783417535e-01 2.318126975826070080e+00 4.993825571300934407e-01 1.052920767404440294e+00 2.769917727019290510e+00
3.437560362192122743e-02 1.517057591434727622e-03 3.166950595198742002e-01 1.416012712957013253e+00 1.235978331794423735e+00 4.128269891127168023e+00 5.227004294556684139e-01 6.122345703011910362e-02 1.439307866018205928e+00 1.301449749067224104e+00
8.550034910818529732e-02 7.431442000654454871e-02 6.133748733096329175e-01 1.331005258813526382e+00 3.005244783731625624e+00 1.539707302205298514e-02 4.607560974694960843e-01 1.103207556564882452e+00 5.900750941445843667e-01 5.372785212195871352e-02
1.037320328533148484e+00 5.406573778066631197e-01 2.356494437827792443e-01 3.416028746674440342e+00 8.871656769062175041e-01 1.962533348117770471e+00 3.528170112678505888e-01 1.127598388249775985e+00 2.062862576172180551e-01 9.547998483330170094e-01
2.545739197901385475e-01 4.080653542129826783e-01 2.967920526912130041e-01 2.081962853301614624e-01 7.623514593897998681e-01 9.230969446958394720e-01 4.521513554821845471e-01 3.254993204619727187e+00 1.253516013227387260e+00 1.902232818379905321e+00
1.330818697701844355e-01 1.133802388502981984e+00 2.458567844463678043e+00 1.024641887207444313e+00 1.521342733413416193e+00 7.070060247740873605e-01 9.475935790550073234e-02 6.351730436301415983e-01 3.115344211719339174e-01 3.963898835950693811e-01
1.717990582007188571e+00 1.292735348079066373e-03 1.282180141587366373e+00 1.341581612425243319e+00 3.881853570587942670e+00 4.762224641464247732e-01 1.700215388972542874e+00 1.092682918228076394e+00 2.465265672028857047e+00 1.270935909621802307e-01
3.656544916065974093e-01 2.262841633578489553e-01 2.177374124348573137e+00 9.434157124402102468e-02 1.215007330589715107e+00 3.195824595212994890e-01 8.083991318249262870e-01 1.194371903007120927e+00 5.357944534771975631e-01 2.649888243893227191e+00
3.073964177765647551e-02 1.238333635129214683e+00 3.846541618080836500e-01 9.788768408270736021e-01 1.741571627806265399e-01 5.422759037908795321e-01 3.249174279006227239e-01 6.512616394859838120e-01 1.531503289775204779e+00 1.562596739581293859e+00
1.589523217654239540e-01 6.543977536514319904e-02 1.239712508757544684e+00 4.802173363262270955e-01 2.204772235497403365e-01 1.759584010944656551e+00 2.921545338860664032e+00 3.923277786469735462e-01 2.627770314507245519e+00 2.536510055964540822e+00
1.325346995121689408e+00 1.040587583988511700e+00 5.976573004424381441e-01 4.986145083980360604e-01 6.403821915974604595e-01 5.317759877608756180e-02 2.622413371051470765e-01 9.884792634206048811e-01 9.133179954553883872e-01 1.209734756026407121e-01
3.403182629952553828e+00 1.901661956862628733e+00 3.255351889285291733e-01 4.659474581219155143e-01 2.398923854798360178e-01 7.028702421859757132e-01 3.014833062783351947e-01 6.883861063156943016e-03 7.213175615933700158e-01 1.062285202772188797e-01
