8.805388892740670381e-02 1.915680288785608087e-01 1.423856945747389025e-01 4.169149369208626776e-01 6.272498598277107540e+00 1.880509916797570291e+00 2.121694853014214621e-01 2.211113283801852791e+00
1.391986393251742449e+00 7.246494538759798987e-01 1.219497776173895209e+00 1.207142978714172754e+00 8.694657578438412526e-02 5.696306923200662453e-01 7.826381219975866443e-01 8.328784756595671857e-01
1.677099239732432689e+00 1.212008100171745983e+00 9.871195644720852647e-01 1.062119657267309503e+00 3.284340243544679794e+00 1.628551608446296983e-01 6.474108958247790646e-01 2.013611278122652004e-01
1.954649331576699053e-02 8.061565163694102143e-01 2.757611952159745305e-01 6.241309084240620031e+00 3.469485101763931101e-01 1.724443239211661316e+00 7.480507654286820962e-01 1.098732971971619010e+00
7.145874031534104054e-01 3.224233240889926577e-01 5.388644828259053776e-02 6.657791406447618465e-01 5.963355141316100116e+00 1.774919591306394429e+00 5.696755201576088057e-01 4.549106353590388063e-01
1.341637176413739807e+00 5.066799650976817199e-02 9.507935562982400279e-01 2.368409702057450994e-01 7.353242934641174289e-01 1.067901030020836473e+00 9.873422085533121173e-01 2.891167428092018127e-02
1.101027317597305794e-01 2.550818508263986040e+00 4.908795549133905534e-02 1.769205218411277203e+00 5.273184192144766969e-02 2.398484644458386827e-01 1.459298910481014566e+00 2.933085030480278230e-02
9.780368709596762855e-01 5.514669192187526825e-01 6.754841126390188633e-01 2.180606097457892467e+00 1.878084208812463629e+00 1.498352917171783094e+00 5.170696388862765502e-01 1.114037360296165513e+00
1.436073573730115849e-01 8.535618127007339462e-01 1.411087048193318816e-01 1.165616753314409282e+00 1.276577697909609732e+00 6.350270009132608084e-02 3.430867851554860071e+00 1.433025488969443151e+00
1.941343156147508520e+00 7.765210168063728657e-01 6.293530372075754054e-01 5.972207697910817403e-01 3.496063251567676500e-01 2.767064735326527636e-01 2.022480474437869657e-01 1.170409743784332379e+00
8.474860884535411198e-01 1.955958399244920987e+00 8.797071845766513132e-01 9.860335193404502485e-01 3.056965796287208215e-01 5.519840314917630053e-01 2.606275409579434377e-01 1.423801190044785336e+00
9.123550500391709728e-02 2.613496018805043786e+00 7.235651726936919159e-01 4.148019119704972724e+00 8.815347686745149403e-02 1.295003931685017318e-01 1.600346320584792315e+00 1.077712979233398816e+00
1.557573622297865334e+00 1.329583908011220172e+00 1.775089207788320911e+00 2.117309026546433159e+00 2.205847720061991257e+00 1.049659479203365331e-01 8.906441501098235625e-01 3.623340835420109651e-01
2.106095734467211267e-01 3.919479010625629423e-01 4.722063877066347892e+00 3.339677454284147196e+00 2.382018520980369036e+00 7.875826223778013835e-02 9.323756613998118725e-01 1.539265384375445578e+00
1.049133589912809722e-01 6.717277658471563218e-01 3.770682746257547624e-01 2.226065394354749927e+00 6.820568154426331908e+00 1.248689575678550885e-02 8.053903465503520209e-02 6.937594724330387042e-01
3.339242121530142104e-02 3.919480068633397485e-01 1.053658250091599413e+00 9.275674896646511625e-02 1.631107848771463642e+00 1.075328478508316588e+00 5.994636737719684083e-01 6.764872749540751240e-01
4.338708506323198932e-01 2.080174972686988255e+00 1.236648594551975178e+00 2.023789939727802523e+00 1.571329386517639426e+00 1.635530250083678250e-01 7.008235198458667714e-01 2.393974594409822576e-01
1.972937894364527045e-01 3.799561593453612551e-01 2.326974595816285074e+00 2.492486183236562347e+00 8.688288598247586592e-01 2.107241581379320383e+00 1.348775448797522980e+00 1.154918879024871670e+00
2.354801772240849578e-01 2.712184632967650888e+00 9.579074647742026327e-01 1.608290565951462581e+00 1.063024684828653976e+00 4.485120573486915951e+00 4.501077400903457648e-01 1.158772796869180999e+00
1.213998888983688351e+00 3.714061779417667797e-01 6.989755696254889017e-01 9.713908006476466017e-01 9.503952990189216132e-01 1.800207570985006500e+00 8.406145473185272499e-01 5.016385981346641598e-01
1.106319291518647940e+00 1.078374542517438250e+00 2.274337439799678062e+00 1.058937645150528795e+00 1.550829840391781955e+00 2.211680454894892289e+00 1.262436900741660706e+00 6.960897194849485770e-01
1.650602889825512065e+00 9.238992451766681047e-01 1.114703509678159232e+00 1.743956855587984189e-01 2.092153110622609447e+00 1.226976806390012831e+00 7.014276021810984529e-01 1.127508929567771156e+00
5.423926726574790358e-01 3.154096607850648937e+00 1.047736984676302385e-01 1.109792584972422835e+00 9.691749105944342801e-01 3.822751533945152880e-01 6.714278250955110217e-01 2.047660185147242018e+00
4.838033239611800873e+00 9.940309735901506905e-01 3.321143260390354013e-01 8.890534428361321906e-01 3.379961821513605691e-01 1.390399795348977174e-01 2.269382263297983482e-01 3.897753678286772772e+00
4.479411694463361626e-01 1.091310515583534119e-01 8.465232972101670583e-01 2.141463026498835742e-01 4.853821832158646821e+00 1.083750296284480497e+00 1.303278055418253256e-01 3.995989505650346385e-01
2.396806083880092253e-01 1.051398972303814322e-01 6.673576066986959265e-01 3.339375635480864357e+00 8.173275427707812346e-01 1.755877986440325944e-01 6.743367866571384761e-01 4.733137780832637892e-02
4.989078107293547504e+00 3.073203633423222225e+00 1.774571284951431405e-01 9.905736987415798833e-02 1.718406202809883210e+00 1.357265541314995216e+00 6.777459121085739613e-02 1.666143361633249387e-01
2.598581313516200364e+00 9.838296463316099638e-01 3.774279169582363536e-01 2.848142582753500074e-01 7.350237163059721857e-01 1.114437673692051600e+00 8.143995455134852568e-01 1.669391715149464828e+00
1.880105321989484324e+00 2.385748174434191071e+00 1.452215645097218344e+00 1.605292886228631533e+00 7.225407985017983092e-01 1.171336566661879575e+00 3.950626655204238502e-01 4.222852242226957098e-01
8.717551256540815308e-01 1.252472823498217869e+00 2.095960520041565189e+00 1.807797353969068377e-01 1.468156862537228102e+00 2.117477367394076659e-01 1.379719000568452980e+00 6.655986094968924238e-01
2.238701177297391709e+00 4.802848341250978148e-01 2.413053926450203779e-01 4.460244986019447876e-03 2.874722938188850607e-01 7.567990382788339354e-02 4.907152288503239035e+00 8.149473237657145486e-01
4.751638550201546518e-02 2.674047560967598880e+00 1.234140322280065538e+00 1.434502727168869389e-02 4.137041526536349711e-01 1.683445712455089227e+00 1.333185252279526223e+00 4.228548277783381160e+00
2.096324960303585228e-01 4.413687652442757070e-01 2.347229134291425323e-01 6.360611092848553749e-01 4.161613912338361920e-02 8.500258859750201568e-01 1.630615089821760011e-01 2.128847480883083954e+00
2.642565448870815903e+00 5.615980496087027429e-01 1.110148352991904730e+00 1.615305961086629827e+00 3.402819943591173929e-02 2.887325141198889833e-01 1.699274976586258257e+00 7.115579584402088875e-02
7.310151533521654921e-01 7.167848039228226220e-01 4.198030384099192269e-01 1.762750296381457860e+00 3.344243169256753134e-01 1.492086707936425560e-01 7.325701980716350370e-01 4.959197736489227015e-01
2.330540670297794603e-01 9.779665462726240266e-01 8.869478668344634720e-01 5.808574796832606246e-01 2.358435559073265964e+00 6.836710600555194750e-01 1.133146698189574586e+00 1.596004479193533221e-01
1.065237757131375085e-01 3.144668397178668195e-01 2.102242444399067711e+00 6.569638287751639050e-01 1.583280629319244959e+00 6.676433383040936143e-02 1.245849192533652616e-01 1.560927445510334188e-01
4.860824417130857333e-01 1.381721806446805090e+00 5.804757971724378018e-01 2.214180082268437211e+00 4.047353818013377236e+00 6.222241252189953942e-01 6.458591634102546220e-01 2.965810198641440465e+00
1.388649661911433686e+00 1.962351296781112975e-01 2.286956434681985950e-01 9.232790483040325125e-01 7.568073194212479593e-02 1.547612748523897963e+00 1.060331854341977520e+00 4.878014159032804109e-01
5.023698443624970977e-01 7.492652915472642894e-01 1.109896736236448689e-01 1.235116536338829007e+00 1.071652732220263332e-01 6.425488217060273399e-01 6.285510340164074394e-01 3.434697212858134119e+00
2.479281136705807354e-01 4.879125826041467717e-01 6.956315466053940577e-01 1.139608627755652304e+00 1.207501167914521556e+00 1.828861442084605216e+00 2.754524923362672850e-01 6.118661307449063669e-01
1.154650327664695997e+00 4.493061952809844772e-01 3.593684746118064766e+00 8.934540969477431371e-01 6.474604938928659736e-01 1.363778123632689132e+00 1.701205177838059690e+00 1.136197991012335845e-01
3.012314057304411818e+00 2.708352579539437949e-02 2.683059667460556685e+00 4.729425206478599653e-01 7.500813748840009509e-01 5.379683137982987917e-01 9.139268288216172431e-01 1.201439491186114150e+00
1.451113805774303600e+00 4.927784171105025757e-01 2.344102447697476166e-01 2.512807331076284331e-02 5.394283155094484750e-01 3.177784556645035230e-01 1.591315970182601403e+00 2.142009756089661821e+00
8.569793663996960742e-01 6.372969606475776816e-01 1.405535741478099343e+00 7.953288386327653781e-01 1.033009362492562033e+00 3.990447230839322401e-02 1.908535000524119729e-01 6.247085289887806953e-02
5.537894464033696895e-01 4.704739485891532014e-01 1.082409746521662219e+00 1.246543578466868946e-01 2.960977293979988878e-01 5.002070480054302548e-01 1.203604674137015884e+00 3.236006796550079945e-01
3.761705793043040869e-01 4.690839856564574251e-01 4.554847790952291642e-01 4.122730955355412633e-03 6.144092512790439997e-01 2.196055340040241166e+00 5.003908969154055031e-01 2.007716386824335952e+00
6.704490957724923428e-02 6.031326384191720846e-01 1.478656252282483929e-01 2.285567767596626554e-01 1.141141607628488819e+00 3.254358039589603235e-01 7.165868027437065635e-01 5.072525382634235358e-01
1.801698614884422456e-01 6.222831714514370782e-01 1.295304509906532564e+00 8.202216951095219200e-01 1.108886025828501598e+00 1.408091419144308132e+00 2.024514235943258023e-01 1.272974754877795878e+00
4.712741822953985804e-01 8.344631689288106724e-01 1.075081616098724657e+00 2.418236360345289437e+00 2.004886567088603133e+00 5.753867299593374840e-01 6.580479021517817717e-01 1.560155333917848976e-02
1.263711672501032002e+00 1.558503296903331337e-01 3.136264565943892579e-01 1.748393046604770573e+00 6.823069360839356667e-01 4.739389990224299742e-01 1.666871393608065910e+00 1.889322054089794367e+00
3.861641639688241368e-01 2.536494578056747606e+00 2.568397167967902739e+00 9.364970393098054346e-02 5.681249905000448353e-01 2.238921325358009806e-01 8.821130915466075528e-01 4.542608534341897042e-01
1.443050439180239453e+00 3.443599946604916640e-01 1.173075940440360398e-01 2.208871934244980295e+00 2.210719297473269673e+00 5.127065600653000349e-02 1.154053833916868360e-01 7.415111558998795926e-01
7.881003172328562290e-01 1.078680615961205236e+00 7.403355870502884017e-02 1.168335220082271197e+00 5.105304648776956000e-01 9.362263512325891268e-01 2.631644171953248512e-01 9.630132631295328371e-01
3.072566625223405179e+00 3.348770070000259391e+00 2.902226452358926956e-01 2.996757450955001567e-01 1.630236205452526566e+00 6.226268404066053197e-01 8.183841047239841515e-01 3.021874484969576669e-01
2.918354685226602352e-01 3.896053958660564698e-01 6.015837498071011646e-01 6.955321610575490032e-01 3.108709076040568342e-01 1.189270792487324563e-01 2.511124967560552368e-01 6.004161256848616901e-01
6.271803009202758794e-01 1.263661896648854643e+00 8.612838766057985262e-01 9.919258131138526668e-02 7.238691749396963804e-01 7.370979229391239063e-01 1.852586509523341252e-01 2.244914109069983787e+00
5.788355627206898113e-01 2.393529968242289030e+00 1.785751990981982729e-01 1.525663699029347897e-01 1.378153870538288750e+00 2.173222084235139073e-01 1.382877865376187509e+00 5.868642927847657065e-01
7.323666246651205913e-01 2.541698135795988911e+00 5.011155885908315233e-03 3.145636649678534846e-01 6.509515393692366647e-01 2.953766593677694119e-01 3.044484004303089630e+00 4.568410257752309606e-02
4.975198379824544159e-02 1.168789348023718144e+00 4.233798866067447486e-01 1.500653888915442213e-01 3.203172015840207276e+00 1.582697057453556155e+00 1.950033590429351982e-01 2.029338271295272556e+00
2.018524793533975625e+00 2.512548644317343705e+00 2.749774593059321592e+00 3.851879535267337951e-01 1.412658691501139374e-01 4.265512001149944776e-01 1.178936822765877190e+00 1.305921087737637709e+00
2.430794632440304026e-01 5.689147100118245870e-01 1.562813244717843997e+00 2.950627354597059604e-01 6.581481946104913439e-01 4.972656552843897071e-01 1.119152343588427495e-01 3.213219362313542160e-02
8.133875423683395445e-01 1.647504532442531922e-01 4.101630596318829314e-01 1.184393986835872825e+00 6.341544013652368195e-01 1.701513126943406673e-01 6.079827054357992422e-01 3.355035442855860417e-01
9.744458710724347439e-01 1.941523533362946585e+00 9.668795880095291118e-01 1.377926551470032845e-01 4.146841849339728547e-01 1.855530950362292097e+00 8.503210569766000981e-01 3.890093349527015576e+00
1.295170627097027571e-01 9.103839233122307251e-01 1.360456582722568752e+00 7.763307265992186457e-01 3.009079936327565055e-02 3.315291691432657450e-01 1.967268254414879181e+00 6.033808117412231553e-01
4.300808100937341671e-01 2.111945544966157051e+00 4.573187243446218408e-01 2.984318359566257572e-01 3.375425347948664279e-02 2.188161633716486865e+00 1.025708996642573423e+00 4.027895125844298541e-01
5.093742824129456004e+00 2.134240754231805370e-01 9.691991932446564206e-01 6.087796800752063309e-01 1.116746156887755470e+00 7.222184831201159394e-01 1.743320917844469520e+00 4.685255588526622716e+00
6.695927299802787447e-01 7.822946897108753461e-01 5.625026636967318527e-01 2.815920639398363651e-02 1.074544847194856212e+00 1.000007025461369381e-01 5.105238249989305782e-02 2.003748035151233786e+00
1.472912077035696543e-01 7.513147997984324089e-01 2.002326612734193489e-01 4.849592816663690908e-01 1.411865264357548444e+00 2.252822688162316123e+00 2.097958030072573643e-01 3.094296999719328145e+00
3.500740151760266539e-01 8.485460573998551692e-02 2.626093813004014565e-01 4.646623472403388910e-01 1.330912125660342449e+00 1.258365191855069343e+00 7.538444473936409262e-02 6.077882944034082024e-01
3.991953135630896821e-01 9.114219003274459663e-01 5.319262099034905988e-01 8.749481728738182085e-01 3.066039351956544867e-01 2.394357481205939553e-01 1.678681951935581396e-01 1.513467823246992250e+00
4.635596828130479630e-02 9.399408439333004628e-01 2.950888118899541723e+00 3.940077294441710620e+00 3.158658083532885352e-01 8.614507239167795705e-01 7.105775290568716596e-02 2.705407681913346352e+00
3.581162856866248467e-01 1.445681882034968169e+00 9.912904827729074331e-01 7.897542178574983307e-01 9.953329176022340796e-01 1.003917422681007560e-01 6.300444856960625284e-01 1.391259089922826896e-02
1.605611873198375212e-03 6.667976377765816309e-01 4.895530460037558762e-01 9.538854652970180092e-01 2.717155524644719655e+00 1.976475315540433542e-01 1.648073576232762238e-01 1.840059013400960897e+00
4.827296663236907981e-01 9.774976809299483760e-01 7.157395142793449017e-02 8.284466008121361691e-01 1.462465351855413986e-01 3.175203482705660774e-01 1.627611170971774657e+00 1.259550252681319149e+00
3.479174032804197569e+00 5.122289165077460460e-01 2.138766529903306512e+00 1.893780241524126273e+00 5.844765855380030795e-01 6.779419330045800829e-02 4.054740102386309580e-02 1.155291920696993740e-01
3.600922884513666489e-01 7.938695422872109331e-02 2.021817198286747441e+00 1.100865988333685319e+00 6.257292581773050699e-01 7.882298248662416018e-01 1.054730954874273513e-01 3.403636591141867118e+00
5.948498615666435452e-01 3.369904649622850745e-01 1.011550027590305767e+00 1.170515671521038303e+00 1.079949383522674555e+00 2.657480985333061235e-02 1.336429826244425856e+00 3.567049307508689537e-01
1.010907793234897323e+00 3.205812561832044771e+00 1.504237362789893062e+00 2.405803029383361213e+00 1.518523252329926909e-01 2.809073991924373015e+00 1.753191150628192974e+00 1.103689306352528376e+00
4.497265682722806357e-01 4.726819886897732026e+00 1.762331708889926629e+00 1.300146230546157522e+00 1.263155079265931846e-01 2.840259087244386693e-01 2.598470535611228094e+00 6.843717235977658797e-01
