-1.485666580680421456e-01 -9.900299185851670902e-01 3.226122741604027233e-01 -1.526804777561056481e+00 6.322548470943659682e-01 -3.838707914311146885e-01 6.819465621094672469e-01 2.083945635809554275e-01 -6.510087101392187936e-01 4.754111893811755474e-01 6.266722489152417586e-01 -4.371018897288646010e-01 5.376873581360581689e-01 1.005613802846252319e-01 -1.121596454831509382e+00 -4.973427614286269893e-01 -6.397449090326187138e-01 1.094850692431060812e+00 1.017617406649295564e+00 5.800797378695482509e-01
-2.259445792359580374e-01 -8.327033539724956190e-01 5.883897143108494099e-01 1.660055357302930634e+00 8.448754652665630971e-01 1.072474810983540944e-01 1.816830740554657542e+00 -1.561064340868257183e+00 -4.064286888027660721e-02 -1.298250831976560937e-01 -8.772152977034604060e-01 -1.842767420723060878e+00 1.098079782874769261e+00 -8.353089651765724932e-01 -1.461735506063275514e+00 -3.195896119140940739e-01 5.818523655401462991e-01 8.426359714229816888e-02 1.989025976633861381e+00 -2.097488354661587451e+00
-9.294054729176886021e-01 3.866261764241172849e-01 5.919698042648481318e-01 -3.117810775011397584e-01 2.686195589047877044e-02 -2.406667786863180003e-01 -7.850020419248070480e-01 -1.043033137525908871e-02 1.000584651721926760e-01 5.719622430233679833e-02 -2.828965300346582556e-01 5.715805751345730545e-01 7.103299535028199108e-01 -1.338622472124856300e+00 -1.106184654806241507e+00 1.886551977497315180e+00 2.144476813816234895e+00 8.002426864474828649e-01 1.002141991934563992e+00 -4.145820706039664016e-01
-1.715197764184754448e+00 6.294230939390642321e-02 -3.804883650642097437e-01 -1.314892614309601804e+00 -5.291482107727975004e-01 9.286327968019175705e-01 -1.035677130824047554e+00 6.664625469314977568e-01 -1.158004067793568126e+00 1.193677302660648643e+00 1.686222668281361914e-01 -8.412871121755660653e-01 7.138935157631776107e-01 1.168653656249379613e-01 -8.379306355576952026e-01 -8.102488602643425075e-01 3.845409688673563364e-01 -7.176223226232940344e-02 -7.648243976418276843e-03 1.065295007988227960e+00
2.799763427124412826e-02 3.615444588143308380e-01 -1.221265174362366812e+00 -2.653643477568749187e+00 -1.473893126893848882e+00 -8.507570433207357619e-01 2.240995485403455278e-01 5.844634709933190786e-01 7.835036820195030449e-01 6.468281501634051134e-01 -5.855819496185286077e-01 5.652267760780963490e-01 9.112081261422855238e-01 -4.703656176838570957e-01 3.691142420702251403e-01 3.153929960933909427e-01 1.224803198791173386e+00 -6.009494727253754665e-01 -9.512955018002756669e-01 2.716174759032705111e-01
2.041829040523644334e+00 3.942546143628106181e-01 1.197986085542878998e+00 -6.461219934804296461e-01 3.189573093807516191e-01 3.023147016314080004e-01 5.133966782953093277e-01 3.784546043705561691e-01 -1.765806215503398779e-01 -1.537794456085768591e+00 5.189165840329887924e-01 5.174488716482265882e-02 7.704327180559483734e-01 4.595768486133027242e-01 5.054514069938776943e-01 3.485143488713323551e-02 7.992450631073766409e-01 -4.244914558709146912e-01 5.473622451434949354e-02 5.501254562549421356e-01
3.511488670206818208e-01 3.204681713540766946e-02 2.612893552020792431e-02 1.521556551286720460e-01 -6.827590609654314857e-01 5.387324508772233234e-01 -1.689308766813971963e-01 3.277258876789746478e-01 1.226053562302406724e-01 5.873377037193695527e-01 -1.777258983649412372e-01 5.355130699445274089e-01 -2.187448082263848459e+00 1.183199305189277517e+00 2.210978829276174285e+00 7.189181664412207518e-01 1.248193732296089875e+00 1.167199541225009796e+00 9.635913852753295039e-01 8.279605231358836415e-01
-1.090716146128600350e+00 -4.567452146310432282e-01 1.461314219630715616e+00 1.758968835720307711e+00 -1.136726341240897886e+00 -1.578059385909302170e+00 -8.171031806255243390e-01 -3.433482433344096640e-01 1.202538844483132197e+00 4.554481643214121078e-01 -7.745288360502715630e-01 -3.259091992610330113e-02 1.714402943608092533e+00 -5.337497011227517740e-01 -6.925820925758680024e-01 1.238876318790701897e-01 -1.712473369526506861e+00 1.107033498320494802e+00 1.418988932058696140e+00 4.118969373728000871e-01
-6.348585729778998266e-01 8.361309881241376640e-01 -8.570549156887733444e-01 -2.163768304093820039e+00 2.685612408222408983e-03 -6.519071112695388193e-01 1.021631287238674801e+00 4.613076201279135979e-01 6.463049826983883195e-01 9.769243107242250312e-01 -9.291237962339434775e-01 -2.818556547832972714e-01 -1.860078531822431325e+00 -1.054797016962285783e+00 -5.578445385459354089e-01 -5.851790080093358659e-01 4.692213381146310702e-01 -1.312519379749925053e+00 9.148416585079635066e-01 2.390283754741389100e-01
2.293156016849263512e+00 -6.859655182087351366e-02 1.314097384255110690e-01 2.176622020251330891e-01 -8.368925509211588842e-02 5.220833404772161623e-01 6.350697885574918544e-01 -1.567239657488015636e+00 1.732766935310483314e+00 -3.356260195552387970e-01 -2.627799988646475904e-01 7.297287278459709814e-01 -1.145641293670913163e-01 8.174719062044262241e-01 -4.631726291115548233e-01 -4.315945357314068254e-01 6.117588644598269676e-01 -4.356638061804710138e-01 1.523044166683167999e+00 -6.103546982550897004e-01
-9.804626589552851712e-01 -1.052794963004238582e+00 -1.404973187106830945e+00 -1.757194644300021036e+00 -7.641803366261947783e-01 5.567062871097691046e-01 5.421970159940665557e-01 -2.301893029346950559e-01 -9.395101169299688859e-01 -3.593934021857655425e-01 -7.558979857528430601e-01 -1.087073012337696348e-01 8.130578530011013660e-02 -1.027355168131639074e+00 1.902448414813762145e-01 -4.495630592846345253e-01 3.149000345395926437e-01 1.004687094889609611e+00 -1.155652872108509532e+00 1.124667686863297211e+00
2.765307894329528948e-01 3.781624586917229358e-01 -2.781161224156634693e-01 -4.357352902924071514e-01 -8.923773922707699535e-01 -2.393781732734959533e+00 -4.098073888159034506e-01 -2.249905030310924481e+00 -7.832070959461421289e-01 -3.089803044826943124e-01 -6.896014333174371735e-01 3.110377550261748114e-01 3.296094812169904076e-01 -1.273010410904211298e+00 -3.353717443856983338e-01 -8.072684259765678938e-01 -7.753704449647157160e-02 -5.829653832104636502e-01 -1.062407140496544500e+00 -1.135211454788143115e-01
-1.412305922851829987e+00 2.526049382721691772e-01 -1.942934013211678745e-01 4.754352232542928824e-01 9.604870850639862789e-02 -1.288263913804803984e+00 -5.002062830113750413e-01 6.700256884541027080e-01 2.962896669202305655e-01 3.332790380691680876e-01 1.365072252942711950e+00 8.831144003183948321e-01 -7.401747238597956580e-01 1.928259546825806525e-01 -1.715424006069066420e+00 -5.675129527041452571e-01 4.377021521158892536e-01 -1.074098114638353030e+00 8.855957016920528169e-01 -5.332038623338988259e-01
5.862378916330549528e-01 1.829431393109461457e+00 1.104822543303439764e+00 -6.398004429751011912e-01 -1.921269087425728994e+00 1.091644838638204662e-01 -2.063006138079819529e-01 3.945279140422296993e-01 -1.554276274209143160e-01 1.677888184808821667e-02 1.340000229423774725e+00 5.926841846305783701e-01 1.453185972406151327e-02 -7.553088923778156216e-01 7.981536022467208280e-01 8.074513634411534246e-01 -1.300578057893746697e+00 -9.166259962529507144e-01 -2.518250362588134172e-01 -3.733065126683085544e-01
1.999919917356492549e+00 1.008415249829610616e+00 -2.450705822912888632e+00 5.473647194968683793e-01 -2.452595452960192324e-01 -5.910188482225349205e-01 -2.605217417863809892e-01 -1.321418756719793253e+00 -9.566999761244753264e-01 1.364809493034385257e+00 2.374088638220866354e+00 -5.399277969671383293e-01 -3.429630141462428061e-01 2.724227022307890156e-01 7.621228299075715196e-01 3.245132472904089238e-01 -1.517919717695770665e-01 5.468055322726522727e-01 1.633480375168425702e+00 -7.854503713277996013e-01
5.881422779089192331e-03 2.684871185964026602e-02 -6.006094350161129691e-01 4.320035194046182858e-01 -8.359670454284618205e-03 1.591289656325795221e+00 9.034334436629855025e-01 1.440595987049644977e+00 3.256557286762094550e-01 -1.073189313784661536e+00 1.254132813716128669e-01 6.353175492799071344e-01 4.439714065689729927e-01 -1.028602351502852175e+00 -7.060077875737509334e-01 7.356645941028231439e-01 -1.142076462780494461e+00 7.182177665603152183e-01 -1.413677107971359259e+00 -3.204198666436157694e-01
-1.325007394126411109e+00 1.494749260162642202e-01 -3.228237437766494633e-01 -1.038921623114243964e+00 9.189496075680733678e-02 5.566338416937535033e-02 -1.454085420415973939e-01 1.146950151180601285e+00 -1.132634581684443198e+00 9.154566055813764258e-01 1.100319206436763952e+00 6.039121675619730789e-01 6.235258939880249374e-01 2.722080129833484921e-02 2.351421613435209779e-01 -5.741823228083109409e-01 8.007323925254886676e-01 -2.460401385791218143e+00 1.773045350183047653e+00 8.540171107504056502e-01
-6.730439967056545125e-01 6.488065612380422564e-02 -2.337663855397336565e+00 -1.144046124886997778e-01 -2.323336599902150745e-01 2.355952235022112373e-01 4.946598627594170905e-01 -1.446691419634282605e+00 7.732541004277745933e-02 1.391630242156928765e-01 2.772261974601697432e-01 -1.070613238751771723e+00 1.146197631756601831e+00 -6.425296959601073388e-01 -3.231293953621263704e-01 1.205560430267951011e+00 1.040894895683511095e-01 -4.410885045478276645e-01 1.364779226625778552e+00 -9.432610706697545089e-01
-4.546671035091653934e-01 1.031361326103079068e-01 1.222841810279505781e+00 1.392213509074048838e+00 -2.035510476918272360e+00 -7.044187665001868659e-01 1.993335838689768824e+00 -4.162429804470987316e-01 3.678960691430404051e-01 -2.986520679837408321e-01 -6.623424687077564821e-01 1.515988653601437530e+00 -2.493357747687134640e-01 8.942369433507961762e-01 3.750386310402090140e-01 2.024824078889859713e+00 -3.706436295266259950e-01 5.425251362856312598e-01 -6.106151401625032893e-01 1.822210815229746428e-01
-1.871369510970083416e+00 -1.027880294029191344e+00 -2.158860827907015167e+00 2.854929340762545342e-01 1.021172249318210712e+00 -1.665868512683211566e+00 1.193742742832488490e+00 2.747005394474493767e-01 -1.163257863156710092e+00 -7.336188762112231254e-01 1.293462376330715147e+00 8.972900420623419748e-01 -1.681230959364939936e+00 4.520101093144844318e-01 2.688454865935496318e+00 1.197798624008710594e-01 1.440217812152996713e+00 -6.598750028307187598e-01 -2.362290852500021632e-01 9.381634811841190746e-01
5.179384159864094256e-02 2.700925124578058001e-01 -1.672941909706916030e+00 -3.965815612356017594e-02 -8.123042601638565952e-01 -7.019588773815546023e-01 -2.304732412046078538e-01 -6.318489824223435525e-01 7.475580246983618560e-01 1.328105619726737574e+00 -3.146357623790565494e-01 -1.083917928890192561e+00 -1.293312247471165299e-01 6.410823316874967315e-01 -7.977371283347649555e-01 -7.384805587377589638e-03 7.705039311137265035e-01 5.609303344872217378e-01 -1.325935002407583468e-02 1.192578863845712878e+00
-4.961424230380177547e-01 -2.887298949848997598e-01 1.287370801842883550e+00 1.561038099000622514e+00 -8.722851386812434660e-01 1.065326472576554995e+00 2.658068743395965439e-01 -8.593977403240293800e-01 -1.979749561143739900e-01 -8.395953010778639536e-01 3.320265222193071186e-01 -1.070482628656442170e+00 -3.852915694619665765e-01 2.248170385173428598e-02 8.299440323216993320e-01 3.120031640461339850e-01 1.486398107590683138e+00 -4.226170926924220361e-01 1.351270631973773284e-01 1.186312456625627121e+00
1.071165271129705276e+00 -1.370008683324375420e+00 7.541018528122579723e-02 5.880278834563177487e-02 2.237925032523321589e-01 -1.055655892545007246e+00 1.900790177499368516e-01 6.018654280354758246e-01 -1.860881078889017326e+00 -3.020725287434246620e-01 -9.121761007563327084e-01 1.209588436768984199e+00 7.781172324839400467e-01 -8.722142704683653047e-01 5.567950721544963066e-01 1.827918169618863331e+00 -1.937128950893655555e+00 4.611241192886054163e-01 -3.288242971220989297e-02 8.149977704282604929e-01
-3.183094833537779278e-02 -2.379051576377428479e+00 -8.798970512493348162e-02 1.103961012172948175e+00 1.619444587557236637e-01 -2.409844874570619966e-01 4.607227975532830477e-01 -1.196190052068828225e+00 1.419887314733157435e+00 1.627968959824341311e-01 -1.238450946160686295e+00 -8.391006539170284273e-02 -3.271017644579445327e-01 5.247668122654305378e-01 1.737468076037004816e-01 1.836687803697924226e-02 -1.079551026326243335e+00 1.612760873806223239e-01 1.372956518019253780e+00 8.512988469432000160e-01
3.891670989112075985e-01 1.497316727951047088e+00 1.948172526489729828e+00 -1.488223553985192238e+00 -2.181575145536446048e+00 -8.633084228374593438e-01 2.554447145163842303e-01 6.995037281848767163e-01 -2.307446368988066987e-01 -3.290303697550211570e+00 -1.260962150714223240e+00 -9.421827944557608081e-01 1.137543918832784051e+00 1.686838443489440786e+00 2.202936759239647380e+00 6.097642933015136324e-02 1.697226389027176596e-01 1.269356743673926813e+00 2.871919246253438751e-01 1.737896529261438339e+00
-7.714301892961112905e-01 -9.839300201369364229e-01 1.847116515472955411e+00 -1.042433592739348880e+00 6.297921914842495861e-01 -3.563648122870721746e-02 -2.834098852404262070e-01 2.047319773963414136e-01 -5.144618607729647408e-01 1.571450707824923354e+00 8.641620935266737247e-01 6.464636205773726108e-01 -1.415881581221729135e+00 2.293908486375764999e-01 -1.509674397489426001e+00 5.984333161118573200e-05 -2.411642511254822110e-02 -4.257896547769485784e-01 -5.022544028842995667e-01 -1.754440230643810494e+00
-7.998198734532377951e-01 -3.209543703030507955e-01 -5.004311742897961102e-01 3.121605013715291754e-01 -2.118639579750587920e+00 -1.109319130486723370e+00 -8.984121455422033886e-02 -5.756951444857101308e-01 -9.159718044153191130e-01 7.637250670552796494e-01 7.223108607164517581e-02 -2.957409594807446362e-01 7.855696204340869571e-01 -2.448297426918126352e+00 -1.508933422761061516e-01 4.944415482231566128e-01 -4.399856047504494549e-01 1.991263544921475059e+00 1.993397581188032452e+00 -1.660811967000524469e-01
-1.026158055283075354e+00 3.835895830139353091e-01 -9.885448068135688215e-01 6.037264090983529563e-01 4.780797178553516380e-01 -1.041787127215016096e+00 -1.193855922264438485e+00 -6.911484237727800843e-03 1.581076788963192037e+00 1.296177480556772066e+00 -9.122242945823216820e-01 1.204243263446816536e+00 -1.046405907019304915e-01 2.945038584205528220e-01 7.302092267473016263e-02 -1.799148374909751991e-01 2.872662260089006714e-01 -1.235377738344070719e+00 4.730359765888930701e-01 -5.882150598358197868e-01
-3.969171067523724616e-01 -1.105606782358570100e-01 -1.540799239623969141e+00 -2.623983338728105297e-01 5.134888620184322461e-01 9.991985933187913504e-01 3.435024330212069765e-01 8.947332461875527887e-01 9.641236690431155276e-01 1.354315145144449950e+00 1.006270932407719920e+00 2.156587413869342829e+00 9.317292568599956359e-01 -1.200172851294197263e-01 3.095551329226537973e-01 -1.732085059330817078e-01 4.056265257578793304e-01 -3.663415404344858017e-02 8.885037885852635764e-01 2.749370425600856649e-01
8.223474615789026776e-02 -1.135345177738673161e+00 -2.819677261520644240e+00 -5.306741952948647034e-01 -3.512116813271471405e-01 -9.543946894049596397e-01 -1.594577824818378620e+00 4.492399862035240665e-01 5.323070488931450628e-01 -5.446772481623639584e-01 9.776505267576347802e-02 -1.994300776231997974e+00 1.589589693899832845e+00 6.669694553948326554e-01 1.978928983760277704e+00 1.768284307257893817e-01 -2.439277209521252265e-01 -8.547270467906606939e-01 -1.824418832263453361e+00 -1.510697727535658341e+00
-2.301439496112701377e+00 -2.174004510028520798e+00 -5.863168163258557497e-01 4.056604772566875794e-01 -4.053722970501475592e-02 8.919542763460495127e-01 2.541688161604194196e+00 1.086164386066095444e+00 8.431466402208784294e-02 -8.918769343723161880e-01 -1.207786981855060032e-01 -1.545664182206207604e+00 -5.335022575933245914e-01 -1.224016207940590517e+00 2.669905694620317571e-01 2.159567525446393355e-01 3.666327334879047051e-01 -6.129535756907272814e-01 -9.938654138084433987e-01 -3.263516387986422074e-01
1.436909392804652574e+00 4.778545293916968695e-01 -8.967550260421638386e-01 -2.833525249631481668e-01 9.897011543440599468e-02 -1.400992349778563240e+00 -3.921050615817526785e-01 -1.017638282469086164e+00 -3.564850968636284478e-01 -5.616678013652877111e-01 -6.881916179276815759e-01 1.560984738629663526e-01 1.214637246612142230e+00 -4.550498445265847569e-01 7.705392946481691707e-01 7.375890100342165079e-01 -1.514013075303316747e+00 5.918448745813655876e-01 4.846444671517414760e-01 4.781772254951955348e-01
8.463555547148406133e-02 4.871044766007982529e-01 5.643154115577011520e-01 -1.599001908231930003e+00 -1.457818072831699174e+00 1.792605489335044711e+00 -1.042644486013733496e-01 -1.424128892085618325e+00 2.499359030016972572e+00 1.149938907699072255e+00 -2.397810218976682839e-01 6.694436198609680089e-01 1.454187459478589461e-01 9.606392131193883799e-01 4.534286715939178092e-01 1.561099085741307846e+00 -1.301094298533921556e+00 3.743061446355513966e-01 1.453211872866404741e+00 -7.251648823058258753e-01
-2.320902858842400551e+00 6.349616074745527694e-01 9.120860177705705230e-01 1.574408820204467319e-01 -2.191230151470224818e+00 -3.227987433689909480e-01 1.241721062350027022e-01 -4.083193028376324030e-01 7.991391163583972945e-01 4.844178815800443405e-01 -1.217687693943309566e-03 4.933956932428955611e-01 1.769754007260797790e+00 1.021510502023602884e-01 3.523110703778785102e-01 -5.092064087319053689e-02 -2.139547630888743335e+00 1.154957176627031457e+00 5.216773752881732618e-01 -2.430735860245378355e+00
-9.338711327281720154e-01 -1.463125705815407906e+00 9.548660161045502415e-01 -3.266038010376768885e-01 1.163577660655540497e-01 3.813912029324905140e-01 -3.910791407368077177e-01 1.537686803147907677e-01 4.586190128546336342e-01 4.465583319176580357e-01 -1.448586204207610306e-01 -6.438954827241064049e-02 -1.423347920351571538e+00 -7.141860770311937445e-01 5.220040231249138962e-01 -6.755616816009417380e-02 1.130159629789071252e+00 -1.790095688778076677e-01 1.064036916502812513e+00 -4.195389774466161681e-01
4.173191590219609004e-03 -9.281368314206793757e-01 1.153941834088976215e+00 -9.036869505817182735e-03 -1.254052333389761298e+00 -6.287202112862466663e-01 -1.720277344459549274e-01 7.093194095439910030e-02 1.469444869231465889e+00 -1.098878131573498562e+00 4.781228803120802368e-02 -3.012271912862253820e-01 -9.184227305165933997e-01 9.233794335228263650e-01 -1.730986497450897721e+00 1.428824088366495770e+00 -3.233296939051371055e-01 6.079523530415396060e-01 -3.786227996794627182e-01 1.919701934001011856e-01
-1.062489498682185118e+00 -4.630764731988213923e-01 -1.060109866682678037e+00 9.849768434049346322e-01 -1.958187996262986952e-01 2.999611058185175927e-01 -1.233454555444134293e+00 3.251878759321855106e-01 -5.595511448653343045e-01 1.415147012782267955e-01 -1.235407342703069178e+00 -5.015453324489526077e-01 -1.422284823001513099e-01 4.854545029875740880e-01 -4.702794004369534320e-01 -3.510284544570895643e-02 3.821379576958822133e-01 7.201374491640745168e-01 9.555180153070673699e-01 1.547761796017572689e-01
-9.569008821618028016e-01 8.846182302878492498e-01 -6.363115884589097826e-01 -9.040914059904217592e-02 1.062217553612863491e-01 9.808978864369122252e-01 6.122758550786523424e-01 6.589769297346043109e-01 -1.831140939479607710e-01 -1.565043727776742832e+00 -1.663267148268121165e+00 -6.664743396023423694e-01 9.112372022658643544e-01 1.915874946539494750e-01 -8.454167378828456592e-01 2.970399727677147106e-01 -7.900946243906055155e-01 1.716109802894286718e+00 8.471578307179847833e-01 2.518236577798091402e-01
2.130980012327313489e+00 1.199052519914548087e+00 -3.684433260538603760e-01 -1.398380910446752834e+00 -1.188371745378279609e+00 2.504564802859245431e-01 1.112964972100568328e+00 6.832330022455710417e-01 1.577257172978921984e+00 1.275630901987744981e+00 1.979890086939474214e+00 1.145536687311328850e+00 -1.042040918630097845e+00 -1.911826337817423560e-01 3.431033502646976818e-01 7.051025071424182888e-01 -8.597200970492512306e-01 -4.805162213592769627e-01 -3.976191712256843536e-01 3.442532277257419615e-01
7.534173379268808146e-01 1.927629372205037273e+00 -1.516571025645573230e-02 2.938906018845026669e-01 -4.522285397615825042e-01 -5.620683356065478420e-02 -2.335438599178863428e-01 1.906918432127917340e+00 1.795102765717445648e-01 4.371134793364968019e-01 -4.922096567971129266e-01 -4.921115938476786633e-01 -1.002254686388397209e+00 7.404440682372119831e-01 -1.613797809069222877e+00 -2.458036598908784343e-01 5.414692417158283727e-02 -1.081270670689993718e+00 1.782611932954183187e+00 -8.278609530868750177e-01
2.389296896778494994e-02 8.499247757358934230e-01 4.808462214448913086e-01 1.123462232343151124e+00 -5.733202554609682089e-01 9.399479304037757776e-01 7.441029524319528465e-02 -8.902600335821722055e-01 1.890978416669747697e-01 2.105346425557169387e-01 9.483024968756808004e-01 4.082534158829890236e-01 1.024015074465338904e+00 -4.946908396139811925e-01 5.423085195033439110e-01 -1.368501077952882339e+00 1.170582813244490650e+00 -2.230733434809236915e+00 -1.184347155223312159e-01 -8.427906787964957180e-01
1.803270530933536842e+00 2.152117342866571192e+00 -4.945626518705888847e-03 9.652578926539697735e-01 1.208655151653299953e+00 1.653987715496535726e-01 5.640668195131076645e-01 4.962484219918143480e-01 -2.487256183985481761e-01 -3.869044507149201895e-01 7.871929589534313321e-01 5.600486447069658036e-01 -5.166594917207488480e-02 9.945426530636127804e-01 -6.564241791679886751e-01 -6.419964844453766029e-01 -1.875185734190568942e-01 -1.226184492753375377e+00 5.942264631961871602e-02 -1.521650075626024057e+00
-4.622605465748174658e-01 -1.572733404586817096e+00 -8.083556637322148603e-03 -1.195471436061277481e+00 2.566408459809421672e+00 -1.906887851004785972e+00 -7.520779057999992245e-01 -8.491437019099746797e-01 -7.208147521206122350e-03 2.092306656983473623e+00 -6.804340329281489685e-01 -8.409776099495634982e-01 4.434693817270526917e-01 7.481117892638960987e-01 -1.071931330546463057e+00 -1.469097132108894366e+00 1.015293159549427671e+00 -2.861450287795496150e-01 -1.418275283431198686e+00 4.900603427179177074e-01
-1.042920961889659326e+00 -8.676042238567656106e-01 -1.667286358088585940e+00 5.497008804420298045e-01 1.009406531560066433e+00 2.619401238599149639e+00 -1.488728379254753709e-01 4.918746437681006251e-02 1.819680172306331611e-01 3.566633276233458494e-01 -4.127624961096623135e-01 1.594625482623082124e+00 -5.301550594492293600e-01 -6.703753449882324800e-01 -7.301428073836835342e-01 -1.102967567509450353e+00 -1.894646500811749679e+00 -1.566822477689485460e+00 1.220817648101888198e+00 -1.034446616829405530e+00
-1.125626054663319442e+00 -1.282091653445750712e+00 -5.176669050985508586e-02 -3.446292052687328633e-01 1.217607954221206601e+00 1.298461437272603547e+00 -1.161286331659244775e-01 -2.282139801550250868e-01 1.382722363555174451e-02 -5.262180900501092218e-01 1.831454132914956678e-01 9.467351964120656049e-01 1.249178803594744869e+00 -1.566589741747391074e+00 -2.131327411890509560e-01 6.085267333795273820e-02 -2.702339716253369772e+00 8.865618284352946299e-01 1.296650414076866653e+00 3.421664434899102325e+00
4.006597272181309233e-01 -1.971283176413322624e-01 1.594803685983267050e+00 8.732874920874540425e-01 -2.650027605938787834e-01 -1.991098106266658840e+00 -7.789281650612788210e-01 -2.040333059088090817e+00 -1.661256049361133080e-01 6.645554030270547363e-01 2.550461727377769661e-01 7.082831696822228240e-01 -2.107747987841208925e-01 -1.367172393769405359e+00 -8.564262974887332236e-02 -1.039763193996324775e+00 -1.940678428610870532e-01 -1.140625219130114054e+00 -5.170374984637883253e-01 8.421335632100893087e-02
-6.048239254806841818e-03 1.223481465742163182e-01 9.176303238276483087e-01 -1.928761459999366046e-01 8.762722042167506720e-01 -4.396443170828173153e-01 -1.113176101995269895e-01 1.209303704777017874e+00 9.231772120667524062e-01 3.259766962408788271e-01 -2.371077114865271229e-01 -7.010891257710739621e-01 -5.798319356840182515e-01 3.019042977904355385e-01 -1.811495440772623866e-01 -1.196946204925335211e+00 2.837198157659785447e-01 1.615461502629166324e+00 6.246463884001421940e-01 2.028710958814435861e-01
-1.714646579463542819e+00 4.248955434911916296e-02 -1.590003882709921879e+00 -9.128420052883862157e-01 -7.195312372889540731e-01 -1.377962602232006617e+00 -4.046304641606995878e-01 1.649105043367065759e+00 2.791394081521412218e+00 -2.050858740917350431e+00 1.334401789572401686e-01 -1.238957807570154834e+00 4.347226597792482883e-01 7.014058624182666069e-02 5.553582550200738543e-01 1.138674928909091610e+00 -1.089610133562716632e+00 -4.184521667015249635e-01 2.844294812405823714e-01 -1.174426492248108245e+00
-1.809379571274933318e-01 2.067617115771960723e+00 1.346382695525308315e-01 -1.085979010551823692e-01 -4.001761255971854059e-01 -8.336880979337424336e-01 1.493367638899896432e+00 -2.178113578014387652e+00 2.431882824916062891e+00 1.290878754454279631e-01 -7.733486858459610591e-01 -2.389312911584664800e-01 1.526912190263827740e-01 -8.247416073795441616e-01 1.246188044762077451e+00 2.785132797561325368e+00 3.698408967598569852e-01 2.763047650959207790e-01 -7.527202525313366754e-01 2.022164692800553443e+00
-3.018972518399771210e-01 2.272804628567970386e-01 -6.620001239447226293e-01 -2.421517309479160329e-01 -9.693315221649142499e-01 1.114011859861862908e+00 1.129014727117566119e+00 1.300908744036651798e+00 -1.365209543705843687e-01 -2.263567923975940754e+00 1.749842693416409634e-01 3.002466131113013525e-01 -3.265549122168870944e-01 6.513403895693947732e-01 -1.574590447084459832e+00 2.165002643540549776e-01 4.699222594137394959e-02 -5.702901166815840250e-01 -6.829916167478721212e-01 -7.496868814524844105e-01
5.556645199009296876e-01 5.536294434177444490e-01 1.236484683088865610e+00 -6.687286815196294421e-02 5.390958554940468161e-01 -4.744873149712752203e-01 -1.454232811958611871e+00 -3.452511555038819679e-01 1.441823692506434051e+00 -7.053344537895045452e-01 -7.899932045194369978e-01 2.956004269926884476e+00 -2.585512234312491511e-02 1.003535396243857347e+00 -1.327729556601255689e+00 1.401286738957884026e+00 -6.063787637955250220e-01 2.653036295971623604e-01 -1.161358710163691965e+00 9.591449514193519654e-01
1.526234892247536390e+00 1.717043446605897916e+00 -1.187055605431325822e-01 1.139473647957610532e-02 1.062545126286836977e-01 -7.352739536627340700e-01 6.425570473933888138e-01 1.343644562304439294e+00 2.338341029759419820e-01 1.013694692942714859e-01 1.511579330146574529e+00 -9.681636831712323588e-01 1.228417073460273956e+00 -1.702130274696013856e+00 4.058805207067763265e-01 -1.466012130017959159e+00 6.375567136888444786e-01 6.576731307611675126e-01 -3.237719444537672797e-01 -9.281369065119490780e-02
-4.317956169470389960e-01 7.175701611508311650e-01 -1.392536287477772916e+00 6.126692107470811666e-02 1.393747165319281445e+00 3.821749596039734631e-01 1.907595550106995441e+00 -1.246438010092899978e-01 -4.386177662497540708e-01 1.723978883352222935e+00 -2.507318382217921249e-01 2.386884378907133453e+00 1.324434879572446100e+00 5.977862219375514874e-01 4.002499880831564827e-01 -9.365052708221582867e-01 -1.213385009122762564e-01 5.308072229952589538e-01 -9.861779717422178848e-01 -2.209604149050082011e-01
2.451864341582486728e-01 1.040558040630062964e+00 2.212214506451264828e+00 -4.989108532285153053e-01 1.129371656426773951e+00 -8.585298991484554554e-01 -8.851917484434428385e-01 -2.880754614953254578e+00 -2.732615436563489153e-01 7.645980752264072144e-01 5.868160475262830245e-01 -1.389140766393736515e+00 4.668746142812104649e-01 -1.020677915091431798e+00 1.406753636992641665e+00 1.237085838684411243e+00 3.375870407221343017e-01 1.052848383350300093e-01 1.390504288070873340e+00 2.575060133753661051e-01
-4.234277312256850556e-01 5.629160691893148050e-01 -6.233856864869307124e-01 -7.110002262621734070e-01 1.845459263861120247e+00 1.726760757873715135e-01 3.406196337470956403e-01 -1.901604676198672461e+00 -4.177287372019887202e-01 -3.235334400141077760e-01 2.681898808865503248e-01 3.205123741808685311e-01 -7.405966882596836109e-01 1.808529823644015877e-01 -1.375139525790401551e+00 1.407653248381630362e-01 -1.069365808178969868e+00 1.023595282433924780e-01 1.056866311037274551e-03 -8.558671197646604278e-02
6.832953955404785784e-01 -3.919153828231635057e-03 -1.174694378005419898e-01 -1.326165632618723889e+00 -7.848764953563719393e-02 -1.259402371000224452e+00 4.348865409344715438e-01 -1.868556968669768281e+00 3.184432990806942976e-01 2.093573171905047658e-01 -7.232927272453163470e-01 -7.768039915805620144e-01 3.385769164852286961e-01 -2.005509692898393148e-01 2.380015077059849660e-01 -6.178336606825513000e-01 -6.433212928316928148e-01 -2.104444165648801768e+00 1.773408059147328242e+00 -1.110812509027968575e+00
-1.163069235515687694e-01 -4.154706752976591311e-01 -3.287137204500696352e-01 8.164196553174161153e-01 -1.236555677007921794e+00 -3.862694556364908993e-01 -3.433032577424546261e-01 4.067174312036161976e-02 3.364267696448887124e-01 1.119480606679362111e+00 2.528630493457479922e-01 3.708168576582990261e-02 1.896455372055759758e+00 9.869136796797965683e-02 -3.510043264418008513e-01 6.839478085189992784e-02 -1.262019962614072899e+00 -7.203717633888321314e-01 -4.292646061439449046e-01 -9.347588671011304584e-02
-5.191402414984515193e-04 -2.454020512734667481e+00 1.080639228172176391e+00 2.419506774433648200e-01 7.909117753595279465e-01 6.489322450329007008e-01 -4.006349551133600584e-01 -8.265741380610486244e-02 -5.249848946151803863e-01 -2.311646637405124771e+00 3.682866956901169764e-03 2.117527494696261670e+00 1.940211112003785265e+00 -3.036344636943418274e-01 -2.059231880797676717e-01 -4.529877871107774179e-01 5.706302344468017207e-01 -4.970396005678313217e-02 -4.136988929662433478e-01 6.690480488239189949e-01
2.413049422602208116e-01 -2.391406814209287024e+00 3.612365183078136699e-01 -8.879632288461776213e-01 9.676228916874825003e-01 -1.902447663603087924e-01 -4.411700292171076843e-01 2.171491845689356381e+00 -5.441080741511076235e-01 7.341608502484635590e-01 1.842579578270073584e-02 -9.993689860374960210e-01 7.566163910147695182e-01 3.763526476859534453e-01 1.061789625164351047e+00 2.208715219269350882e+00 -7.555691360374194865e-01 -4.595767396514927605e-01 1.309643418626680988e+00 1.095545048581361369e+00
7.073867741093560202e-01 -8.339156354460499632e-01 -1.108609074346238899e+00 4.904954420831399986e-01 1.055780479940936711e+00 2.416966178578547453e+00 -1.284621463531863572e+00 -6.022348421895474813e-01 1.538770732721819190e+00 -4.612941829779824143e-01 -4.400913262568990902e-02 8.829482657542203627e-01 1.500370321344639768e+00 4.760324075264804611e-02 -3.232414761701365991e-02 6.013127576638293004e-01 2.152035562999084495e-01 2.089895120765973835e-01 -3.636137498692789127e-01 7.972686899691662221e-01
5.783364879655624735e-01 2.526344373281469435e-01 -8.631869459618385365e-01 6.973487178142671050e-01 1.494588821235849074e-01 1.226736088819278259e-01 3.505455533163610859e-02 3.409231521014479682e+00 -2.314647527725110787e-01 -7.815534322036704618e-01 2.803258852885252006e-01 -7.841934708689010103e-01 5.088737775895396664e-01 -1.336299529374106010e+00 -2.536056717954231488e-01 4.012985142826581697e-01 9.144214274414617094e-01 7.147244871618023687e-01 -1.097158803178860609e+00 -2.796132235325951676e+00
-9.756969617297559516e-01 4.131456998165465855e-01 1.500711386379102841e+00 5.423701381994876503e-01 1.184188350093872355e+00 -1.695908060459702771e+00 -1.628836014475125160e-01 -1.098957004021741124e+00 7.697407217630445331e-01 1.033955765529298132e+00 -8.518457250671355174e-01 8.493482225581699963e-01 2.147508089475687942e+00 -2.625937803725381103e-01 2.570271567089489895e-01 1.591313592263647880e+00 -2.107030782467069763e+00 -7.909154788143858417e-01 -1.123351565338114755e+00 -1.092958129382915894e-01
-8.664990113438795216e-01 7.181812846757154034e-01 -1.272662658054078966e+00 -1.419109052667001158e+00 4.557279926260231484e-01 2.074840536602985175e+00 -1.123524786010918985e+00 7.985385323372091726e-01 -1.662787895153156614e-01 -1.077625798124068446e+00 -2.100874884379925422e+00 1.036646725425404814e+00 3.770093335378507660e-01 -7.337955180421543711e-01 -1.479534360605650800e+00 -1.234320443518049926e+00 -3.018465638180997113e-01 3.322581264155404224e-01 2.330795382500981727e+00 6.133741115068749306e-01
-1.852087188665821615e-01 2.226172978808719227e-01 6.771279714277302908e-01 -1.307279351867810968e+00 2.054402585104848633e-01 -4.514938049466142855e-01 6.000183215499272915e-01 1.685075235576486641e+00 -7.569813430471325488e-02 2.136766024971407385e-01 -1.527737360713723902e+00 -8.080947538289654508e-01 6.474381721198461115e-01 1.950525731389992412e+00 7.938151710111973625e-01 3.866240135235365916e-01 -1.640133100690011059e+00 -8.107605123019051563e-01 5.296166541613765988e-01 -1.447943175999484300e+00
-1.997772867090488624e+00 3.101974760029187483e-01 6.125738916548963964e-01 5.210680316927315814e-02 -1.226479130019828334e+00 -1.467420450462574577e-01 8.474508835913807658e-01 -7.694079766719553737e-01 -1.530883961271332749e+00 -9.495987257249670632e-01 3.079556329332657771e-01 3.193996430091822769e-01 -3.362626891898093384e-01 4.382784787095529433e-01 3.130756274620103558e-02 4.800581216933543227e-01 -9.401136752261497476e-01 4.416730338506189568e-01 -7.883457744774086118e-01 5.064765310309355950e-01
2.104421172702768128e-01 -5.826249228535573810e-01 2.219905052454816397e-01 7.733978662846612284e-01 2.294589509408253125e+00 1.524448031440826634e+00 -4.534843269493487594e-01 2.922170881054209080e-01 1.579505860081289736e-01 -3.235560202147997888e-01 3.835510282321932252e-01 8.992169139722402949e-02 5.535963738691457303e-01 1.934737297175782578e-01 -7.152967318939266184e-01 -3.916743093642874873e-01 1.511933179492878754e+00 -6.699151858284549954e-01 8.497442245115500725e-01 -1.207990625036790000e+00
-2.309808592691841689e+00 -1.411554317836561101e-01 1.803242276919577503e+00 1.601550732772051067e+00 1.271204659393414760e+00 5.784021561171588388e-01 -8.611975969216134619e-01 -1.064615561884805661e+00 -1.802398763992582031e+00 -3.512026096553043097e-01 -4.847183626857238803e-01 -1.831604932099768046e+00 4.877947583816109045e-01 -1.098649904156991486e+00 1.130606790640871079e-01 -1.531837088485823895e+00 -2.074296312522914687e-01 -6.256473843156356018e-01 -1.109679496589630832e+00 7.730446158620726815e-02
-1.139304455348429279e+00 -1.268076656809031394e-02 -2.921745645526585555e-01 -5.316696046597845227e-01 5.725034398935899826e-01 -2.102848426115216718e+00 5.205346520630158569e-01 2.069037213854692525e-01 7.399482723784185645e-02 -3.795201226562537888e-01 6.558914681579564032e-01 -8.259896519820513205e-01 -4.519855657299794993e-01 -2.147145193264589746e+00 1.183071166397371976e-01 -4.378338774722563831e-01 -4.283495137639602990e-01 1.273362872505445997e+00 -1.977035838661048261e+00 -6.828358109318807267e-01
-4.228167692430966906e-01 6.145518619066109300e-01 -4.099921505853773573e-01 -1.975578420302158467e+00 4.059475209927048689e-01 1.405728159270613897e+00 6.860576208373554419e-01 -2.886726067491907632e-01 -1.096267452985303148e+00 -1.030236982836251425e+00 1.462242883696147633e+00 -1.644636573322291406e+00 -1.786010508434675292e-01 1.310267061519773790e+00 -8.099111601477307909e-01 6.779539185235666787e-01 2.437833791517687754e+00 6.087035470719592833e-01 -1.588747881240216486e+00 1.053553471001215103e+00
-5.334058946525438438e-01 1.858262744564014579e-01 -1.388638980173451110e+00 -7.887937939777109886e-01 1.146127953511613118e+00 4.272165135415183501e-01 1.411916277853078494e+00 7.337298953583517580e-01 7.763360270604185986e-01 -3.792350620868272237e-01 -1.260610794539331891e+00 -3.343563881181833564e-01 3.532369792835738931e-01 -5.784497870720671786e-01 -5.863989517229363235e-01 6.867372341311883677e-01 4.539736641811747409e-01 -1.897911878468286018e+00 -1.110326402903747844e+00 1.110952529436429970e+00
-7.918665674883280658e-01 5.703376587928352670e-01 2.682568538823433268e-01 9.456578800315283972e-01 5.578153900178668412e-01 1.474272069731717094e+00 5.017482692531699540e-01 1.318595426839578311e+00 4.534984848779009536e-01 -2.155299433316090196e-01 6.296234116641996614e-01 1.345959993777385399e+00 -4.709775539294552144e-02 -8.782927173880196170e-01 -8.448393650837214552e-02 2.345094105043362895e-02 -1.666087839914840885e+00 -1.767526559130072394e+00 4.514135091880767114e-01 2.469843093018771363e+00
-5.179042539858401684e-01 2.076863429183410659e-01 -4.151329397104669416e-01 -2.566060324691153305e+00 -3.967777934842863785e-01 -1.810357376542240659e-01 7.104324644886480522e-01 -2.781355662804911866e-01 -1.521217460527815313e-01 -3.917952449385721514e-01 2.234820187280345927e+00 1.653708346054797218e+00 -8.581750047465029896e-01 -1.630504787039158243e+00 7.629175795468335908e-01 1.100452848881621482e-01 -2.020351108619478975e+00 1.186211183603138181e-01 -1.619976406649208167e+00 -1.308671330286511059e-01
4.357346430035755613e-01 -1.560513841482733255e-01 -6.239375733216144804e-01 1.167279850815859277e+00 -9.294558483123056825e-02 -1.580221111154133995e+00 6.433622760234239957e-01 8.036970184432758180e-02 6.908490306246471979e-01 -1.525771920545030191e+00 1.142951294702363452e+00 -4.067879890437257617e-01 7.721922766736315502e-01 2.560408605109676938e-01 -5.577172834136547852e-01 1.104981349563531001e+00 5.255753582727739071e-01 -6.557156914992665619e-01 -4.725315746610533885e-01 -1.340832372702123632e+00
-7.890510395317928971e-01 -1.572428539749399112e+00 -3.522095661902899244e-02 -1.351165596510630826e-02 -1.299841072355671923e+00 -1.892876887545141384e+00 -1.377081405376028966e+00 6.015109937052776079e-01 -1.479934660563020810e+00 -2.433808710900793246e-02 -3.304735185785614981e-01 6.769682807280480441e-01 1.627386973050519270e+00 -9.299248713002117306e-02 3.133718779710468749e-01 9.682823677283511343e-02 1.165055394609581407e+00 -1.330802418651938490e+00 8.562495448081512694e-02 -1.345365746107571869e+00
-1.045207982987113482e+00 -2.573376444903560101e-01 3.875431714988591403e-01 -1.021399057678657130e+00 5.679487049957727685e-01 -2.005082964744587137e+00 3.833264262231164676e-01 -6.893390146143577590e-01 6.929788696829370931e-01 -1.194034340926605209e+00 4.011830723303915214e-01 9.643042081201443905e-01 -1.105387802317504553e+00 -1.069876397345088881e+00 -9.241797111681653021e-02 -9.929321601093583916e-02 -1.789859408259582008e-01 3.406545980972692789e-01 1.298485757476756930e-01 -3.344764584423841614e-01
-2.165566535799729186e-01 7.168263256451750109e-01 -9.198559044880854074e-01 -2.225982357927949462e-01 9.255613139550861179e-01 -1.511963364973506030e+00 -1.785319511839260076e-01 -7.739336132855879624e-01 1.349113336976449640e+00 -1.510911216262448509e+00 7.390195900714578991e-01 5.872329894334866740e-01 1.348630801041302285e-01 -5.403610721905568320e-02 8.771274086983700535e-02 -1.820776861265107072e-01 -1.004483360908230649e+00 1.425441380382880929e+00 3.538816471302775324e-01 -6.894622187873216124e-01
5.580346301144696319e-01 -1.017892781985947570e+00 3.928079037854302902e-01 -1.241663582063364579e+00 1.873932312626411578e+00 4.176210439751196768e-01 2.616664198085933979e-01 -5.313914247027636817e-01 -6.614397361322672808e-02 6.420739549138620994e-01 -1.616978943448710293e-01 -5.672971838928321242e-01 -7.709871121527493709e-02 6.615563041223768703e-01 -8.165086208064240569e-01 4.308485942659306955e-01 2.377248315594003181e+00 -6.447847789397812002e-02 -2.417802646632624219e-04 5.330076538130156250e-01
-1.833555861583175961e-01 1.774616711697897697e+00 -2.472342891376599038e-03 -1.585249142495829822e-01 1.665868296934597481e+00 8.084955343326782895e-01 -4.812933111321752722e-01 -1.805287563231249059e+00 7.742615311490468333e-01 -4.173987223617941500e-01 2.158321604851960007e+00 3.920465358285720736e-01 7.228118877366010997e-01 -3.326719148419838290e-01 1.588601744127412285e+00 3.589981162129294856e-01 6.014203846517757884e-03 2.133557359663161623e+00 -1.289005119397489851e+00 -8.237223737515793343e-02
-6.095910472030333649e-01 5.054398103059399849e-01 5.840353074069191130e-01 -1.403214645450135523e+00 1.247492361923186799e+00 3.516214471618353543e-01 7.763431877888605781e-01 -2.670874561030128769e-01 -3.723422377486760304e-01 -7.028956323236860149e-01 1.315431323289362409e+00 -4.641794268681077029e-01 -1.841346334725880052e+00 -1.640396853758950391e+00 8.844152242603153802e-02 1.706396353002019417e+00 6.652056629117323316e-01 4.188842666011967086e-01 1.216067187579125825e-01 -2.276422369192657946e+00
-5.884753098728483511e-01 -2.663071523489531911e-01 -4.370525827596418167e-01 -2.637358602576818645e-01 -6.008739824133438878e-01 5.793513505302864269e-02 9.614934686661242846e-01 -9.514982767753455972e-01 1.755943846830041177e-01 -3.159297774198759901e-01 -8.365721306143031333e-01 6.819951407641097751e-02 7.345965946367930544e-01 1.561880919424624148e-01 2.048475282308067413e+00 -5.034485195211909625e-01 -5.039074875785689578e-01 -7.375688598130206719e-01 -1.290722217782019066e-01 1.641595586664253981e-01
9.787172196027582594e-01 -1.632700070950538762e-01 6.632423439070654902e-01 -1.372146191847765317e+00 1.266017149136188680e+00 -1.967868760167430287e+00 -1.710603162112350473e-01 -2.456642672941049987e+00 -1.862351761083703428e-01 -3.307185786272979211e-01 3.798746941881538108e-02 2.247844394791816969e-01 4.830500152209247222e-01 1.751463660838238567e+00 -2.230494371022219369e+00 -3.628355676923954998e-01 1.162445531310054569e-01 -8.045636582166579842e-01 1.129045037073463709e+00 -7.730882024889079718e-01
6.906262820697762761e-01 1.520158571009150028e-01 7.747091791586375731e-01 -7.514600336458845398e-01 1.091522175579761500e+00 -2.287414912031472680e-01 -1.083270770157919866e-01 -1.341679897157029844e+00 1.091199180181144701e+00 7.168292830259490600e-01 -6.180222199659778370e-01 -5.690872192222726778e-01 1.026177297613914963e+00 -1.094194262441955168e+00 -1.341743070075629429e+00 -1.723151863832695474e+00 -1.256338808086864933e+00 9.303083376145667716e-01 2.150635050041236784e+00 -6.107735219331489329e-01
-5.421570155066286478e-01 -6.418178913843818334e-01 7.020484465124420259e-01 1.499030125232013178e-01 1.633930513656863148e+00 2.166015928458533857e+00 3.741040116619818723e-01 -1.108087241351908975e-01 6.413837763464592667e-01 -1.384504073281463687e-01 -4.114242034547382354e-01 -1.175864656006214926e+00 -1.460550051772698810e+00 4.504337286604104262e-01 -1.039362553967591918e+00 -1.381438539085005912e-01 9.198559730533615308e-01 -1.364792655300806345e-01 1.210768604190002762e+00 -3.112609753540936386e-01
3.726027944998501762e-01 2.620404933169231398e-01 1.815542421083874217e-02 -4.180497555385909725e-01 -2.813535038325752913e-01 1.583462325379154378e-01 1.110334769125101539e+00 -1.060931593088519698e+00 -4.709985426420013610e-01 1.805402626925528553e+00 -7.675882858815570309e-01 -1.347022018438065183e-01 1.119575578571568197e+00 -9.761128469300534016e-01 1.454810659483124047e+00 1.767764774618295620e+00 -4.805264091320740616e-01 -1.489066559479396812e+00 -5.821572346126854258e-01 -5.897894468704960591e-01
1.138994869442458535e+00 4.888485218617014127e-01 -3.384066133586541292e-01 -4.173007200055943167e-01 3.882883743547005939e-01 8.946897833947075052e-01 8.130583212401576443e-01 -6.990593346574792977e-02 1.481958919321699764e+00 -1.538690793073311802e+00 -3.758700364928131976e-01 -1.601087737270218136e+00 -1.545403972761804745e+00 -7.997173490377553762e-01 3.695387862304603255e-01 7.471646940132148362e-01 3.870329521258919492e-01 -1.159309931993802029e-01 -1.338204414928910735e+00 -4.672715646483526775e-01
4.277173994139806257e-01 -1.296267201418540849e-01 1.936349670454089233e+00 1.412537568572333480e-01 -6.133993384120521863e-01 -4.076030511856190142e-01 -3.526727587654062690e-01 -1.091792551053995419e+00 -3.192725190294266380e+00 3.860334238897941139e-01 8.847400846960514764e-01 -4.508537497322490095e-01 -7.495216632543566515e-01 -9.027601188020406564e-01 1.620356307261218376e+00 -9.621076323674795372e-01 -5.699761813682506784e-01 -2.847553658320491343e-01 -3.775009755366517394e-01 4.279946954041764784e-02
-6.444390531079057238e-01 -6.177577883283315030e-01 -9.243914222373933454e-01 3.207360515074094143e-01 2.189967468435479514e+00 -1.010372398582779718e+00 -4.442148141686265948e-03 -8.972013370050418990e-01 -2.091633395133401407e+00 -1.359343069053225550e+00 6.435603281004711462e-01 -1.110787222617661385e+00 3.693651245737218924e-01 1.273562876804385791e-01 -1.848415399056148267e+00 5.608612753402322793e-02 2.312267088321031228e+00 -1.522118423553369571e+00 -1.102024303487097123e+00 1.046867406768755115e+00
-1.261387956833190271e+00 -3.133036475752129513e-01 -1.303924339191292026e+00 8.806991091695129947e-01 4.497842304998143220e-02 4.669228510727164161e-01 1.085173646177350459e+00 9.988801541790168770e-01 -2.431740173229167912e+00 -3.840827143592635551e-01 5.514361905299186573e-01 3.381712928433283638e-01 2.100454607635695581e+00 8.511067512223319254e-01 -1.272037492847807316e+00 2.327095512221298179e+00 1.623956126708608005e+00 -1.473169171061208260e+00 -4.226026012558520839e-01 4.806986189900489537e-01
-7.824293768982796271e-01 -1.696211043284578723e+00 4.626831764085260756e-01 -2.288175453755297184e+00 3.124584081050779671e-01 6.428704521113645098e-01 -6.713313290510128928e-01 7.957994047178955643e-01 1.075178783851987063e+00 1.213612382810413948e+00 -4.428514187729316598e-01 -1.487013764144817340e+00 -2.744689337732806114e-02 2.253590882365768822e-01 -1.308910697225492914e+00 8.734874543767819910e-01 -1.659163963150830368e-01 6.354038409319114900e-01 -1.085496051599009526e+00 1.863986375515612748e+00
-1.440117035687143554e+00 -1.470607161480835146e+00 3.091613297058616094e+00 -1.192811228485436414e+00 -1.037865065267681741e+00 2.929275661149718601e+00 4.411214966319569608e-02 1.102688809125065728e+00 3.879136301898816197e-01 7.274367934473326969e-01 6.405287607244689596e-01 -7.161401896712578721e-03 -6.194823645093692210e-01 3.567380088421291950e-01 8.196768377174959985e-01 1.501801576246570180e+00 -1.464637047667394221e+00 -1.411924850150293675e+00 3.794619528585901347e-01 1.521399291818667787e-01
1.301206639655786201e+00 -4.168270777929373727e-01 -7.973620471919978803e-01 -1.947795328682084826e+00 4.581936787560250690e-02 -8.971686179955700169e-01 1.258475914071401469e+00 4.460219711233772699e-01 -2.017907956623724353e+00 1.290987765980588786e-01 4.299301270040201128e-01 -1.549817096036255615e-01 1.271392344481319936e-01 -1.142913454609887802e+00 -2.311952920020273528e+00 7.213047789310436109e-01 -1.331888815474713272e+00 -1.321347808939623003e-01 3.943940033903324260e-01 8.775935073006616571e-01
-4.875309675011401667e-01 2.480245301190993068e+00 2.901767656609232304e+00 2.065550653993929731e-01 1.509963786742502201e+00 4.934507273481512080e-01 -7.424939825503025226e-01 2.518786351008755475e-01 2.842270639648258324e-01 -3.416917818784047656e-01 1.666941699513762920e+00 -8.530084246320211727e-02 -2.394004371336772297e-01 -1.221587985235478513e+00 2.968983925855560035e-01 4.529258275107560933e-02 -8.298310880557941971e-01 7.425687720463268748e-01 6.468740946882080012e-01 -7.766708751682149803e-01
-4.367986840448383479e-01 -1.498702829717509566e+00 1.432849615321795111e+00 -3.596073605028152764e-01 5.478305360731035023e-01 1.288726459399340163e+00 -7.883668077296549503e-01 -2.636391455059027694e-02 -5.556116638088000048e-01 1.858828099926772837e-01 -4.489034413425729286e-01 3.082907506647611928e-01 -9.457372250015104453e-02 4.299175045947014051e-01 3.067232610711000618e+00 4.439966852766083494e-01 -3.215806282198522825e-01 1.073348987345798866e+00 6.367153788976949169e-01 9.677944565745114081e-02
-1.506475705365582229e-01 2.318934446949004968e+00 -1.242017416480514780e-01 2.439765261179202560e-02 -1.563826973021971822e+00 1.793243994033836719e+00 -1.668848731301857125e-01 -9.931406064101809816e-01 -1.858549344481591703e+00 9.263608988257884258e-01 2.054724866919363235e-01 -1.135720831580806361e-01 -1.083000965947781946e+00 6.780716369584632863e-01 5.225301732615254824e-02 -9.003017863676954224e-01 6.928540550838573342e-01 -2.195863670371596132e+00 2.164678197409818594e+00 8.446862829573883458e-01
1.466488324207907867e+00 -1.008187740436620183e+00 5.603736508048694498e-01 -6.818914709137543495e-01 -1.339485339940033271e+00 1.350026010528915688e+00 2.444005779827195662e-02 1.908314594715413981e-01 1.831916740446736691e+00 -8.160401450101862908e-01 -1.379848669242455195e+00 -1.457834076598269468e-01 -2.345386390595558326e-02 1.188088982826431383e+00 9.784111184937949179e-01 -7.614310308934482130e-01 3.699373393054073422e-01 -8.086215441521706904e-01 3.027021975059261960e-01 -2.629234457183941831e-02
-9.932833289466114213e-01 -7.502870555755406512e-01 5.621963568105563525e-01 1.063463039515762709e+00 -1.724559086072256608e+00 5.806930416998563604e-01 1.323118142244704920e+00 2.324290300944280130e+00 5.159014809595794393e-01 7.354082390900990029e-01 -1.186594396136004814e+00 -4.059546962252882918e-01 5.967551613473679600e-02 -6.241031968846916245e-01 1.866097751486021916e-01 3.650858347344637100e-01 1.730133848962418952e+00 1.207128734393662306e+00 5.826915561916994335e-01 1.289803169321463105e+00
5.670560547898499670e-02 -5.467503830926945252e-01 7.156958001044196882e-01 1.303207385803032858e+00 2.607130591786258611e-01 -8.924163315334857627e-01 5.549273451763386822e-01 -1.171510772024596941e-02 -9.409296055369487100e-02 -1.393398636361407872e-01 -3.132102909729067020e-01 7.482942018194609357e-01 -1.527405191514914495e+00 -1.757393250367556004e-01 1.541075969202054363e+00 9.826864239604941043e-01 -9.468117454514320963e-01 3.101869907717202945e-01 -2.471253308817083216e-01 -2.781569495574935935e-01
1.688812610912219681e+00 9.795675296319343861e-01 -6.786349831429330237e-01 -2.656341396020327039e+00 -1.680063190425964414e-01 1.853100096578964795e+00 -7.085374535963717690e-01 1.114490073339814646e+00 -1.055430913688591099e+00 8.014674396760195219e-01 7.930231244818513048e-01 4.075483280122851881e-01 8.228031368164390180e-01 7.006074453929709289e-01 -2.453250245490624371e-01 1.652372493710456469e+00 -6.518182474159082140e-01 6.276174348307235473e-02 -2.036898063459621433e+00 1.595504541128693665e+00
6.064793226394207259e-01 8.651779104873931203e-01 -1.252463155554057961e+00 -6.382295938719287909e-01 -7.250506088031715146e-01 7.978724439308021443e-01 -3.530015941231883780e-01 6.608187676692562906e-01 -8.034599706539171660e-01 -6.597108349479429146e-01 4.358712326900029965e-01 6.822524895859173322e-01 1.442846059410397841e-01 1.830041805614555761e+00 6.300523137278514207e-01 3.504138437507409720e-01 -2.120890412918948531e+00 1.612564171503297061e-01 -5.907842800635162428e-01 -9.543663686963520520e-01
-1.815017712929866356e+00 5.004132489882218149e-01 2.085326523730352655e+00 -7.591200597231688441e-02 2.586329469482440691e-01 -3.736115985078737878e-01 -2.299623979843562205e-01 -3.478927507075936232e-01 1.025293778339980838e-01 4.442409223849918543e-01 -6.249958626421523444e-01 -1.578612963792472401e+00 2.097801755323883022e+00 1.683658675175847552e+00 3.905621004163604693e-01 -1.620325992904362744e+00 7.759043353217340844e-01 -1.065971881762590723e+00 4.143243971240335166e-01 1.407041653594482966e-01
-1.446835617320904488e+00 8.589180869244893435e-01 1.838897972087897514e+00 -2.644205304121553524e-01 -2.019852063816427457e+00 -1.791952862975903837e+00 -1.002697657109106466e-01 -2.045708143104818078e+00 -6.450359640247691484e-01 -3.518488342723719575e-01 1.812914974692219905e-01 1.099701083459396544e+00 4.173415047634644603e-02 6.049120831623265859e-01 1.460807808384562811e+00 -3.823418806629393374e-01 4.741740864860917171e-01 6.742474466101727737e-01 6.563381054969687212e-02 2.803577560973427585e-01
6.181530742735763528e-01 -9.222301321651481532e-01 -3.321350594995779448e-01 3.994409093087267215e-01 -5.423260859912832910e-01 4.154829328207125527e-02 -3.766924238652239465e-01 5.484402106290050538e-01 -3.886377294081275191e-01 7.072233343575730080e-01 -9.330930632209798459e-01 2.669747789898432866e-01 1.174194226384779084e-02 -1.871951347094547247e+00 -3.544811722575888502e-01 3.389003394917375900e-01 -9.311996330463426785e-01 -7.072463639818179493e-01 7.520827062196902002e-01 8.076612961375979616e-01
-4.720682580257151151e-01 5.239483521709818736e-02 -1.140543122775212970e+00 -8.478638244324677720e-01 2.275994584514295926e+00 1.135884772335010728e+00 1.064483849595677878e+00 3.534309254588590687e-01 -2.023542664457911311e+00 -2.551678349173197802e+00 -1.775074499554248953e-04 -3.542293845178325906e-01 4.477060435665193294e-01 -1.617012048474825603e+00 1.153345286450563112e+00 -3.188988566812177572e-01 -1.361538701854795530e+00 1.037370179450772673e-01 -1.542418702528389751e-01 1.261849699140823178e-01
3.416535630292264480e-01 -2.085365440911085277e-01 6.277131854579127701e-01 -4.326403966069276574e-01 1.437553419270293453e+00 9.159010224034451753e-01 1.170402812452800312e+00 1.322008041876160167e+00 -1.310782174030693970e+00 2.469894588535367586e+00 8.369643154077546221e-01 2.276197797503674847e-01 -1.216126563223486112e+00 -1.370596146058873588e+00 4.797168935022376179e-01 -6.189442443622044099e-01 -4.805241425834266278e-01 -2.215684461225764235e+00 1.076061739504962977e+00 6.699708823720578188e-01
4.763551524165205997e-01 -4.014734464279782755e-01 1.093099787130173833e-01 -3.995121317350365242e-01 -3.327507478445538847e-01 1.073233281438997544e+00 4.280678006181368178e-01 -1.086871559703938284e-01 -6.017199367049613085e-02 7.849705833273810107e-01 1.611324253665391781e+00 -1.353246367529457261e+00 3.592154716218756150e-01 1.621951903755838309e+00 -1.042298656256398504e+00 1.745863842013757106e+00 4.689086015245279987e-02 5.724195758083478434e-03 -4.008774346926815002e-01 5.048849718662860031e-01
3.204803951551798424e-01 -5.451432179972343084e-01 -1.005619859168587649e+00 -7.846443984694433382e-01 -1.419160501043875922e+00 1.327842362299970436e+00 -4.424535737574470384e-01 -7.777459642292497977e-01 -1.467851498023792889e+00 6.031986974049337036e-01 -1.058335244311921386e+00 -7.898496429309379563e-01 6.645796880535531637e-02 -1.277788626084448209e+00 -4.262522708052976506e-01 -1.883255034019336804e+00 -7.039767794276513210e-03 8.227269495786122544e-01 5.709182761630361702e-02 -1.450879557686398681e-02
-9.684570816239554403e-02 -8.416207379882746364e-01 -2.724211949146550585e-02 -3.226585527704979861e-01 6.538777779488014197e-01 3.761192141887193668e-02 2.011891646708644232e-01 2.745633018230821398e-01 5.246349419372936529e-01 -1.388028620777557398e+00 9.589063101737247408e-01 4.820829855035816403e-01 1.935782373166746728e-01 -6.931227401517696673e-01 2.506916672860088346e-01 2.350952199022078928e-02 -1.376542980623380208e+00 1.109689393418217707e+00 -6.968871387638699844e-01 2.302470788142193303e+00
9.805426625370404492e-02 6.451025651225625879e-01 2.252307796720748101e+00 9.358240307558580717e-01 2.164314827059979240e+00 3.438526725105350845e-02 -1.520377819140052156e-01 4.213428397816854076e-01 -1.467354396624491075e+00 1.078362549118399016e+00 3.936218241022227948e-01 -7.925506944589377767e-01 3.658611814076284663e-01 8.103344911659999816e-01 -8.097732430115078817e-01 -1.268140726161798570e-01 -5.604092742875600441e-01 -5.294751983246398508e-01 -9.335803224378904641e-01 -5.616111680741407985e-01
-1.078925890512097974e+00 7.813481690827718262e-01 2.088197094259149456e+00 5.811539039098277959e-01 1.519034732085253969e+00 -6.207288200519959220e-01 -1.330381717308195322e+00 -1.306634637822855494e+00 -5.633146953752690006e-02 2.220063865942296655e-01 -1.461837496328571184e+00 1.934253723499989475e+00 -1.914813899213630433e-01 7.164733359203468988e-01 -1.102064240008612916e+00 1.298648367052481101e+00 -1.389110474561911834e+00 -2.223285120737938936e+00 -6.065108729258662790e-02 3.576274453749578308e-01
-6.108280930952980636e-01 -3.442183015877076535e+00 1.329983841933909172e+00 3.139200491839613805e-01 -1.539643401367735365e+00 -1.174061296557930012e+00 1.138235991396903346e+00 -7.634675913721028495e-01 6.302954141546325273e-01 4.174049389084460169e-04 -6.645226006754187953e-01 7.556747664747351934e-01 2.851110051289688641e-01 1.576338073013969499e-01 -9.009153610197058459e-03 -1.632231985148819842e+00 4.205022548614448241e-01 2.791444815472904351e-01 -2.128211540820327541e-01 -3.067491150153886514e-02
3.358575195954860981e-01 -1.148357440058483947e+00 -7.076221527321281402e-01 -4.333605903995158548e-01 -2.960648339781455363e-01 1.427134775943924350e+00 1.786311527028687340e+00 -5.855974136249153528e-01 2.468282495851038760e+00 1.715080410744488082e-01 7.453737196391712061e-01 -3.944900389077928837e-01 8.304985999050193968e-01 -1.033117356647708318e+00 -1.100874366530631088e+00 -9.507471491221834992e-01 1.213243541054480901e-01 7.906335576813663391e-01 -5.297914934928063535e-02 1.056049613494604023e+00
8.284997683364450083e-01 1.135085397003817276e+00 2.028279120705287486e-01 -5.574056811152827695e-01 1.556055612466903382e+00 -1.335722328113132296e+00 2.023036623636983444e-01 1.588832415455833369e-01 -9.543371009074862465e-01 1.045100011095966286e+00 6.261422013079557258e-01 7.313523470707239404e-01 2.084505691199374677e+00 -5.803133648966068980e-01 -6.178466724605857774e-01 3.385506499527313196e-01 1.204045535101468389e-01 -4.183387291017477416e-01 -1.324024590389325740e+00 8.119528636089387574e-02
-8.665341076835074430e-02 3.533115321897929983e-01 8.252799696770386495e-01 -5.165387069876380410e-01 -8.582718288924293670e-01 -1.474126558035703027e+00 -1.003732898811475982e+00 -2.133153087871691167e-01 2.026485104236331658e+00 -2.541839727338187860e+00 1.221725805050654090e+00 4.771257751346693055e-01 3.106524680454132437e-01 1.431071745574790333e+00 1.480988601099077373e+00 1.059152728463605309e+00 -1.446505465737653928e+00 -1.622306997207156321e-01 5.461809135976072316e-01 -9.561795311848981793e-01
-1.869090661610324222e+00 3.871492571200195187e-01 6.678505123378052355e-01 3.178716592131707874e-01 1.847558909578929542e+00 2.860952212921194504e-01 -1.674290787704667105e+00 3.327544338396438706e-01 -1.132772416509815194e+00 -7.048529901974306400e-01 1.444552293823895273e-01 9.756725131243484395e-01 2.340329214067576602e-01 -2.738407340899855491e-01 -2.971595237417247737e-01 -1.969006797995595526e-03 -1.281426050098842806e-01 -4.650822760159616792e-02 3.910567373144503978e-01 -2.294563032207953768e+00
1.230662935294866367e+00 -2.509415442053517076e+00 1.556535644657265793e+00 1.176700800456306900e-01 3.316314914761039900e-01 4.163382216523938695e-01 4.200262067076808714e-01 -8.282876121471095532e-01 -1.324145755021017612e+00 -2.067281124098110101e-01 1.010147214613167810e+00 2.164439185194051152e-01 1.396459404630495449e+00 -4.153959913037527651e-01 -4.579351910883627808e-01 -7.275642397196793176e-01 7.992996008559485333e-01 -9.894498810187469795e-01 -1.775235627615016631e-01 -1.847799242121542507e-01
2.892223080239664582e-02 -3.952082190852181376e-01 6.784080396620877362e-01 5.414745897282166043e-01 4.723374734925435137e-01 -8.960596517859137355e-01 1.212953699108958006e+00 -4.715248453956058516e-02 -8.550846323558559670e-01 6.458436941262386821e-02 -8.819305602208661332e-01 9.485833315926980869e-02 -4.480529721727840031e-01 -1.600794286818331760e-02 -2.037676207069396561e+00 2.918633661319062877e+00 1.003416680772291958e+00 -4.371800967839453711e-01 1.058304834985170473e+00 -6.417546502696838129e-01
-6.631999734292552962e-01 -2.073047925561208427e+00 -7.070638982241287396e-01 -7.880360557081591555e-01 -5.549427655580224661e-01 -1.051323188441492196e+00 -1.445067834694460984e+00 -1.915487831697673393e-01 1.324873506790372746e+00 -9.887977807729866342e-01 -1.706634914098510147e-01 -1.412085220552286302e-01 -3.960337310168923763e-02 2.950177258763145849e-01 -3.327104410249364097e-01 -2.137797572652457845e-01 -4.988475068592958528e-01 1.538001161654438897e+00 1.114286572020257049e+00 1.387668510701945745e+00
-6.039983957123262748e-01 9.407420628593681985e-03 9.330288952708817307e-01 -3.811360199943567700e-02 -5.123123588454379096e-01 -5.688946450989456061e-01 -7.126928103316088059e-01 -1.863634022303191751e+00 5.625542038089564878e-01 7.657402468004299856e-02 6.154164701050527687e-03 -1.270316507156262320e+00 8.665368775799828782e-01 -1.753786272743347974e+00 -1.584821868816512769e+00 -5.225794100695519973e-01 1.243796004734750493e+00 -1.105209229608822952e+00 -3.510099746375501539e-02 1.818752246622269642e+00
1.251932147581473198e-01 -2.805299161899205140e-01 1.520518781154140076e+00 -1.168825402621148646e+00 -3.989132749550183127e-02 2.454394819897590674e-01 1.142200901490658949e-01 -2.079359506983856631e-01 -7.832807209793437586e-01 1.202853886306470832e+00 -2.870255702003898346e+00 4.539740661508143843e-02 3.140030580147644135e-01 4.145363228621178897e-01 1.100296022016432618e+00 5.573894241662723514e-01 1.959015334074540593e-01 2.833926970188280214e-01 2.575623609141817205e-01 7.060973722263023944e-02
-3.892991290702279561e-01 -6.302865162947397515e-01 -7.286172207174280713e-01 2.223931194457554383e+00 1.943240205564968626e-01 -1.117393206385944027e-01 2.246212292955818701e-01 -1.103306840087066920e+00 -3.067357187671282959e-01 -8.040334482422181184e-01 -1.125881173839508032e+00 -4.769606297774945936e-01 7.232006108129565014e-01 -6.887098231598894893e-01 -2.397461278056643330e+00 -1.572430595190309477e+00 2.192212713504222421e+00 -9.075241333182489101e-02 -7.410412789595557381e-01 1.127974505857176846e+00
-4.140496620753976731e-01 -4.938098067841668881e-02 3.341926864309401335e-01 -1.308114128505917240e+00 -1.542904247046156030e+00 4.044275988937424682e-01 6.278023769434761814e-01 9.815007251883952621e-01 2.864410160874100164e-01 7.932890524100320029e-01 -1.161493825877798758e-01 -6.622256728282008842e-01 -3.737070672047090869e-01 -6.328282290815645528e-01 2.040624935381249450e-01 -2.025046705000148606e+00 -4.889199177452673850e-01 8.530420346336477222e-02 -2.537107762795552945e-01 -3.963065339438003321e-01
1.226711950554449704e+00 -6.076750631271098380e-01 -7.964964655027011453e-01 -1.688159000246119285e-02 -7.669419629375198166e-01 1.510840417305535865e+00 -1.270526020970210446e-01 6.303175978236290611e-01 1.422361287915812511e+00 -5.961345905801583855e-01 -8.377972054448976635e-01 4.068502919334727186e-01 -5.229410958038670509e-01 -6.959546749405929322e-01 1.625292148120571101e+00 1.254305703480150802e+00 -9.935291421372189902e-01 -8.187430956125868464e-01 1.848710138394297486e-01 1.550329344502603623e+00
6.247383251424263317e-01 6.673741158061621270e-01 7.997066356753085303e-01 3.334103041919849741e-01 1.102556861277556310e-01 -1.940083861053301106e-01 -7.646491811753699519e-01 -4.524439219022383107e-02 -4.676670867954942357e-01 -1.080072880422915604e+00 -2.204821841643269220e+00 -4.927914003812558508e-01 5.217381261987056318e-01 -9.922416516636015649e-01 3.730148647083642022e-02 -6.137685062826557687e-03 9.083043555916485712e-01 -4.044007725916792251e-01 -4.608387704607247448e-01 1.861773267665896570e-01
-1.306149131984035261e+00 -1.478228347013717803e-01 1.373522517140599142e+00 -1.848882256610570873e-01 -6.284090793437488998e-01 3.517367911511016132e+00 -1.360462525424812830e+00 2.687449447250997436e-01 -8.101907064560728289e-01 4.202971115755094744e-01 1.677285973430046040e+00 -2.981340081582786739e-01 -4.928021647925540094e-01 -6.459498947318875750e-01 -1.137545493684493092e+00 7.564478886226244647e-02 -7.844650282754513926e-01 -2.031051248392232278e+00 1.550983622314101806e+00 5.514386361271377685e-02
5.265610159363730558e-01 1.318467107628095825e+00 4.811342766207284960e-01 -5.060335496994488036e-01 -1.618765844417996425e-02 -1.222032730580518978e+00 4.001318267668018125e-01 -1.379471528607547626e+00 -3.201782811976748855e-01 -5.790682646364535280e-02 -3.209884343503932036e-01 5.144719683013444511e-01 -2.353934146378143522e-01 -1.177762276050621226e+00 -2.300508522219780472e-01 -8.143458727160959310e-01 8.586765018691983054e-01 2.232359769454773435e+00 9.917298375775635000e-01 -1.054750984933204183e+00
6.747640527871069382e-01 -2.574707841406115305e-01 3.523579860872596003e-01 -9.280048454082648890e-01 1.054430312573637174e+00 4.374917451589359074e-01 2.937901530252218785e-01 1.810733969793494325e-01 -3.462006807272247078e-01 1.338033340828315154e+00 -1.028885653610375872e+00 4.019642448026889969e-01 -1.204279234921501240e+00 -1.486048575080180401e+00 -2.112540956994073127e-01 -8.159442967339486374e-01 -4.654293520377160709e-01 3.806642822364029732e-01 -1.976042569105020130e-01 -8.810823264347540373e-01
9.878156608852864951e-01 -1.429917151906782813e+00 1.420421875194002537e+00 -7.544205405231455552e-01 1.592066768723997328e+00 1.829211870544394103e-01 2.916213065410014349e-01 -2.116293750917411565e+00 -7.755583000520777093e-01 3.732673279938010236e-01 1.138326761153459765e+00 9.739102098794401030e-01 1.468491378661020696e-01 -2.184655029842355045e+00 3.565985159805259985e-01 3.403897594554133876e-01 -7.646292477059191128e-01 1.068583014777098050e+00 2.072525331104716761e-01 -2.211548552134829482e+00
-8.000239542499534284e-01 1.640459412415700147e+00 5.284248597294134431e-01 7.927424249687536895e-02 -9.943628616465080006e-01 -1.003289887885070009e+00 6.600552576614263645e-01 1.763009729052528451e-01 -2.018004047124501987e-01 1.295388693350037590e+00 -9.787601089900078710e-01 3.593877729352395467e-01 -6.495391047284002628e-01 1.373178622786469516e+00 -6.676613879018773456e-01 -2.701887213202509574e-01 -5.618535080139339666e-01 -5.690004039899285715e-01 1.241660859971980835e-01 2.797979304992581628e-01
2.788036942808784335e+00 3.444388302421989567e-01 -4.426841074484613725e-01 3.696350364672179589e-01 1.686495414074609789e+00 -5.350125182316085859e-02 -6.346412935825463952e-01 -1.514077588933568919e-01 1.935070516783801986e-01 5.041999727087834726e-01 7.124792097667240753e-01 3.081323920079696577e-01 -6.192401707557827761e-02 1.071622844976473088e+00 1.632050559351408081e+00 5.669660306581949527e-01 -6.685608046229883916e-01 -1.206170579397251169e-01 -1.541321141596656286e-01 5.974275243539647340e-01
-8.499097247342922434e-02 -6.575146047059388099e-01 2.742413239658796353e-01 -3.000484971632315645e-01 -6.853053659840930845e-01 -5.022425111325046210e-01 -1.068788538146933753e+00 -1.258301420964330064e-01 3.090928838299957793e-01 1.951207334510382418e+00 6.592351361265311738e-01 1.382605532535195803e+00 2.007533002337556383e+00 5.305178246185785623e-02 -8.800568162591431154e-01 -1.107961375183091457e+00 -5.850353414993120227e-01 -1.143732919657632241e+00 -1.070029485587889795e+00 -4.833310478342998096e-01
2.940283008162381528e-01 4.489715415629272899e-01 -2.149899616507445488e-01 6.275950253010131874e-01 4.964146104471369725e-01 4.239551848883023055e-01 2.769283029516046019e-02 -1.871004082757188047e-01 7.126597344422956892e-01 1.797057554910798549e+00 -6.690893913766993162e-01 1.413191245248077488e+00 3.488223806108868286e-01 1.796898945270765657e-01 1.486426745589843001e+00 4.205322344892551412e-01 -8.839906572263110940e-01 -1.254691371465565419e+00 -1.233210561308128561e+00 4.001389096854842675e-01
-2.052339278450900029e+00 -1.223323560919048480e+00 4.852310653214373382e-01 7.417210481457121585e-01 1.798806595595884072e+00 1.001285333037588016e-01 -1.520317055221652947e+00 -6.944435803884089209e-01 9.224276220770372126e-01 1.377059828005647635e+00 -6.597342213987308357e-01 -1.467135468728488101e+00 -9.966797892568578510e-01 -2.748805483611816980e-01 -2.251086735932693372e+00 -7.915047808397666085e-01 -8.648915534275336547e-01 -2.255644556033795933e-01 1.998564859796112536e-01 4.585359760397911821e-01
-3.554829526851992910e-02 7.172492538177501764e-01 -8.014489828125616055e-01 1.306352370103542604e-01 -9.523228068469667684e-02 -5.102756864740505272e-01 3.677451208564830321e-01 -7.712302864012807735e-01 -1.444227084395043048e-01 6.092688400467569654e-01 -1.117065998011960826e+00 -8.328649249290803747e-01 7.818613355791181885e-02 3.630280156185893281e-01 7.001461901958868639e-01 5.306205842125156780e-01 5.603302677033729084e-01 1.805678108201628218e-01 -1.905546322557217342e+00 1.453078569654659147e-01
1.285691771834871711e+00 3.154015622194604740e-01 -4.510057181249946257e-01 -1.275082026938858526e+00 -2.309227294689023685e-02 -3.548880146089051779e-01 1.609526560933005890e-01 4.942261174342231222e-01 8.203292550082459389e-01 -6.305354697870432235e-01 4.459888663630590111e-02 1.304565989992448882e+00 -1.780575282785729962e+00 -7.827244572983148574e-01 -3.814974860386362021e-01 -6.299912406347317750e-01 1.864125371585343971e-01 1.647395801110905778e+00 7.364449049187031804e-01 -5.628138924773965490e-01
6.495447212233084189e-01 1.384605993818659897e+00 1.614210550881279405e+00 -3.668389510774578421e-01 1.188761201891908037e+00 -5.907396529460621354e-02 1.051976490947515719e-01 -5.049416019066463868e-01 3.166745621385662623e-01 -4.740683655404553942e-01 -1.485894456324109214e+00 -1.885209080363179579e+00 3.507849089888641636e-01 -1.634645290693373040e-02 7.587423543271902826e-01 -1.207025933508958371e-01 -7.613751111250097736e-01 -5.707700963490782396e-03 -1.030701727150316493e+00 -2.599808927129580449e-01
8.392494464203229532e-01 -1.423616567037103708e-01 -1.048677196292062019e+00 1.832618009673182002e-01 -6.181216866764405182e-01 7.552456844149931792e-01 -1.022971571595348017e+00 6.229649364606053563e-01 -2.296257477022473070e-01 4.671765238956570032e-01 4.719836273672147198e-01 1.293687067751521091e+00 -1.097022049941596133e+00 -6.068817096599768979e-01 -4.790066756195159314e-01 1.601220457969719790e-01 7.112521415680728154e-01 1.328035159974468304e-01 -1.685707396909334355e+00 -5.415395644496984184e-01
-5.020702690439512311e-02 3.220725870371043409e-01 1.385939772311355345e+00 -6.313180906868595121e-01 -8.503499995949821422e-01 4.484040312525317679e-02 8.320631596267737962e-01 2.476358385150707608e+00 -2.235456546748178785e-01 7.344309615366461097e-01 -1.693972287000964805e+00 -8.151578267597617833e-01 4.605537114718404879e-01 -1.391638718887373782e+00 -4.272085261951938384e-01 -5.086804548120549968e-02 -9.396594584474987633e-01 -1.460953446376860754e+00 1.000851752356510360e+00 -2.853042141454178449e-01
3.006586489446625432e+00 -3.367761622619807604e-01 1.477861924029295337e-01 1.072368100170659089e+00 -1.296899104140529557e+00 1.752935253331202314e-01 1.224267450378730970e+00 1.007988659264124759e-01 -5.587869569440755413e-01 -7.674723490150680005e-01 -8.037655042746710832e-01 7.053469056805483639e-01 -8.539155000496336800e-01 -1.646397715818609386e+00 6.729038011928639706e-01 -2.554896361352241435e-02 -7.936006251102016851e-01 -1.342066697646769668e+00 -5.302758310932206287e-01 -7.357821455307100855e-01
-9.453771985705843317e-01 1.301748650081503866e+00 3.667272861506932352e-02 1.405015904812615679e-01 1.433472718168794291e+00 -1.535180036871571785e+00 -5.894696976551376810e-01 9.826453580480720706e-02 5.772846420804842449e-01 -7.943355271835527143e-01 2.250369731563636400e+00 1.233283547298636568e-01 -5.325716750089525275e-01 -1.310036739725862542e+00 -9.529920050663143183e-01 1.587040692948706644e+00 1.294005292771903903e+00 -7.369894624479172984e-01 -3.715003517212676631e-01 -2.587658622562919453e-01
-8.011062829730976054e-01 6.785524068807952114e-01 4.783416449892577971e-01 5.840488600522899532e-01 -1.023689714685869667e+00 -1.889746785033327825e+00 -8.132540884691411565e-01 -1.444088543790901236e+00 -5.960294076450839418e-01 2.998891362312897879e+00 -9.082849511296559042e-01 -1.484736281421430992e-01 5.228243159020010689e-01 5.919298829869117373e-01 1.172403094245203059e+00 -4.959458772431283857e-01 2.160486459188016573e-01 -8.188796611537437764e-01 9.030619553624505760e-03 3.275383385086127475e-01
-9.499720727911264984e-01 1.134262385095351489e+00 6.655683007289732167e-01 -7.766215580076235581e-01 7.015833851360286921e-01 -2.708270118312899655e+00 7.618976657452463108e-01 6.330424558784909506e-01 -7.980791969468284952e-01 1.117056522502278382e+00 6.532489066501999675e-01 -9.734808643987149512e-01 -1.363372201877190326e+00 2.107451135678780341e-01 4.066903267707092651e-01 3.432847015878587316e-01 1.122404064017617387e+00 1.632928704214658966e-01 -3.006467236381871744e-01 -7.118607452767166111e-01
4.783892608490874498e-01 8.923018169774150632e-01 -5.773700514684109164e-01 -1.468648126916957342e+00 -5.330027197516777893e-01 -1.655997207162593909e-01 2.184685417092819826e-01 -8.167595606781461459e-01 1.012894800852696120e-01 -3.186893361811164449e-01 -7.975931137396153892e-01 -3.055229296663089511e-01 7.673002247432330059e-01 -7.205204904727227078e-01 -1.078854653495375571e+00 -1.268706426270562959e+00 2.008947037490831089e-01 1.502234233401474439e+00 -2.037277089575142974e-01 -5.081768437153911799e-01
-2.584624140722790453e-01 5.364409767299765930e-01 9.482959995782918039e-01 -6.212175314071464172e-01 -5.772152984313585478e-01 1.998204406238436093e+00 -2.873333750434280187e+00 1.260345265866544162e+00 -1.154479477906975582e+00 1.288171532816251519e+00 2.051903239684175428e+00 -2.061019208299498917e+00 9.319057229434604128e-01 9.638098865069625321e-01 -1.272945314470476763e+00 -4.772973817436124144e-01 -1.613239293655479356e+00 -1.567896858777552582e+00 7.675349069076025099e-01 1.661548106457294116e+00
1.433546232854416180e+00 -2.915461155528694358e-03 1.181078412214049189e+00 1.184060735427135302e+00 8.833891201990575759e-01 -2.960963311229862782e-01 1.422033784800877498e+00 5.742466063236273399e-01 -1.356135801530979675e-03 -5.779380863401188950e-01 -6.984229154870092993e-01 2.043790182605710992e+00 -2.395228210750283360e+00 1.252437702347273696e+00 9.304873120263730257e-01 5.781613395696726387e-01 4.859067792142375275e-01 -1.638933869535169841e+00 1.758424453799502185e+00 -1.112647555194248739e+00
-1.576851053395583180e-01 2.289271011596275829e-01 -2.253085020775756675e+00 1.888858572660143120e-01 7.500994727521513861e-01 1.260087311551243427e+00 -1.590107735863191207e+00 4.976151010252904267e-02 -1.579159082889709298e+00 1.310805070495179914e+00 -2.513998334711034510e-01 -1.760664208798341290e+00 -8.289797501324693840e-01 1.397854474026759108e+00 8.823245958448313608e-01 -3.294106592792291344e-01 -3.625391987412136530e-01 7.202425469067077479e-01 1.045518301405090167e+00 6.600879345926221609e-01
-4.525466891068607445e-01 -6.682268752915244692e-01 2.768995633367243858e-01 -9.870694932801681309e-01 -2.607598258518262768e-01 -2.626260715805915913e-01 4.608074941607256947e-01 2.118839074816233126e+00 3.175544700039422130e-01 -5.561728713152556125e-01 4.195529885735813092e-01 -2.520577872841134326e+00 8.344908861441799885e-01 2.645997166214915097e+00 1.917532106231960132e+00 2.496710120370649655e+00 2.372977967014661960e-01 1.403337394346575895e+00 -3.798037461255159841e-01 -1.708858727209437434e-01
9.961247743136208976e-01 -1.182174009689319183e+00 1.515843488824461849e+00 1.563573488800958089e-01 5.395262569596714908e-01 -2.275243953825382276e-02 -1.667065923773455860e-02 -1.713975161264063463e+00 -1.053104016704766277e+00 2.996603230573465781e-01 -3.929342605891889550e-01 -6.399598911069731555e-02 1.638225787938607292e+00 -1.578183294394688740e+00 -1.183856576066239619e+00 -5.245684167300282974e-01 1.895507077289857900e+00 -1.607408868323277895e+00 2.361456939749576323e-01 -5.130015356740005306e-01
-9.202213111689294678e-02 -2.275747486196269875e+00 -1.377118383870478580e+00 -1.020535308368092586e+00 4.099034243176531422e-01 -3.784275370402876981e-01 -1.046143893901446242e+00 2.106374499609490469e-01 -6.623200647496274573e-01 -1.139085365871014055e+00 1.028739593088661364e+00 1.831479394991716525e+00 1.049823010903295550e+00 5.517131520600982997e-01 8.772914064349954799e-01 -2.446189986195170252e-01 1.696670879325208325e+00 -2.267306531132080860e-01 -8.663512735334545356e-01 4.892000515745499323e-01
2.941305388397346676e-01 7.542004046014229024e-01 2.259554012143455692e-01 1.909151800059110116e+00 -3.946048808775184935e-01 2.602619820130535055e-01 -2.521011545360101747e-01 1.076732233419503082e+00 1.887154026638364623e-01 1.807672876564485831e+00 5.292020820165612704e-01 7.291996871666296398e-01 6.513407391587767992e-02 3.512355268697320843e-01 8.191207850311684746e-01 9.552797838983886347e-01 1.830576577048190767e-01 -1.009124854592780229e+00 1.267066223117440327e+00 -2.234354201386766769e-01
-1.679340869495973720e+00 -1.736879609050022255e+00 6.376861200821516695e-02 3.105797032645642997e-01 1.060713749548638063e+00 -2.179882533176090431e-01 -3.788858619399754768e-01 4.295188938747127039e-02 -1.642709442397765063e-01 -3.241369834496649061e-01 -2.353323332632092091e-01 -3.670594401874976431e-01 -6.420750420548945736e-02 -9.956831982481788301e-02 2.339099036821243871e-01 8.132546318366395965e-01 5.834866191387884093e-01 1.865068686706939927e-01 6.321649955609232041e-01 1.342308785726277209e+00
