9.236770021877169778e-01 1.458530149341174642e+00 -5.412910534419062003e-01 -1.645972222320855494e+00 -1.346161926675275344e+00 4.417609067318760130e-01 -7.313921579910045434e-01 5.621878339382438972e-01 2.829807636958668882e-01 5.426590877361149312e-01 -2.390933326642982470e-01 5.104375839064644316e-01 1.365356272297788776e+00 2.173486813290898684e-02 -1.528119700339443998e+00
-2.193175463018260107e-01 3.110525743510683672e-01 3.498913352382754249e-01 -1.548927377056327437e+00 -3.797389293000699023e-02 8.535879451511433347e-01 -3.469968121185727505e-01 -1.670443689307144153e+00 9.438536210841045326e-01 1.786515963192714773e+00 4.259469606066578207e-01 6.124970278980704785e-01 6.308884492987509862e-01 -1.572914805676791858e-02 -1.173606407290029990e-01
6.016144626004828883e-02 -1.265089006425722085e+00 1.364814064687840389e+00 1.430987109179627570e+00 7.829166019777034080e-01 1.790007294509874836e+00 1.352375741330950065e+00 8.350027845381462477e-01 2.462186312734092886e-01 2.233671235209750139e-01 -1.505421625701371280e+00 -1.118667281271090941e+00 5.277579514257031423e-01 -1.931268060453262159e+00 -6.017801356165013438e-01
8.475561346875143398e-01 -1.006035355032800060e+00 -1.931794860273334136e+00 6.302998565668141984e-01 7.553880054552183365e-01 1.525321290741437741e+00 -3.218508511045920506e-01 -3.569247323303379460e-01 -9.467024069050843371e-01 1.841301298426750499e+00 -9.775529082592419039e-01 2.257333388690462961e+00 9.091385356641840110e-02 -3.136182595050273081e-01 -2.342870054255697276e+00
-1.162669103369506907e+00 -8.090694064643262351e-01 3.480998729237933659e-02 -7.888426574415645653e-01 -9.572766482631813734e-01 -4.548556648423919824e-01 -7.869912218721765162e-01 -9.536428315035380132e-01 -2.055120138510669048e-01 3.080249365323958766e-01 1.701685274644278989e+00 -1.177487208207331104e+00 -7.858644089626246609e-01 5.100541048612523554e-01 -2.740001064907582884e-01
3.754477692600817762e-01 -1.095868801734192433e+00 -1.383465695489811464e+00 -7.091226262382851475e-01 -2.064027180427934205e-01 -3.063730567668013216e-01 -3.812616037756214743e-02 -4.601590261138416293e-01 1.673483140906731448e+00 1.153244880659462179e+00 6.774646082936867098e-01 1.631430748738812220e+00 1.183125517876743582e-01 -8.430310972138583825e-01 -6.666056678717632300e-01
8.468279941737677508e-01 8.308944189572818884e-01 -1.114580714869460198e+00 1.206909802080757599e+00 -1.672622409724196624e+00 9.575552225876521328e-01 1.266105053089915833e+00 -2.001300406889085171e+00 -1.072083826468375412e+00 -9.097391865698948310e-01 -9.720117013736510048e-01 -7.867453175301218904e-01 2.811987374930241312e+00 8.639170361991406200e-01 -1.570188675532689704e+00
1.318687997441913895e+00 -1.214033801703974236e+00 -1.043558368058842417e-01 -8.942230595716087471e-01 1.200676010525393966e+00 1.841557834229663015e+00 1.342825693086516115e+00 8.587251672425294524e-01 1.247375894290378096e+00 -4.688685220717534463e-01 -6.004119879930234216e-01 -2.067413855470661588e+00 7.839347582206476206e-01 -3.377249992466122563e-01 -6.472817057515544148e-01
6.383142609494739661e-01 2.140694384886478119e+00 7.483643822328072126e-01 9.708052407497436143e-01 -8.554424260118094203e-01 3.640431638533015435e-01 6.433255710714519404e-01 -3.948319615053789700e-01 8.860714672114801405e-02 -2.071874938764718177e+00 -1.292461933438037835e+00 2.619988475048072862e-01 2.101417256455686111e+00 4.834597994210180771e-01 2.485009025837998653e+00
1.238460562897679917e+00 1.577290875818802007e+00 1.263228959082838720e+00 1.026478199289892368e+00 -7.001549411041818605e-01 -1.104770797788846792e+00 1.320218276200483265e+00 4.922792237058045139e-01 3.675841169158673427e-01 -1.570167950722154426e+00 1.437271812933396120e+00 1.078011566272876420e+00 1.579624185468048836e+00 -1.517949668140085695e+00 1.676175312623947145e+00
-1.064496397123865679e+00 -1.636224552855776615e+00 1.975875986915456295e-01 1.702249801997278988e-01 3.695765641699454984e-01 -9.951558229882273565e-01 -2.502130399778464964e-01 -1.195245385214605882e+00 -8.533872889320504029e-01 4.364364812900931589e-01 4.407581314854384230e-02 -1.676394505442951655e+00 5.177440504569728041e-01 6.012690818392482095e-01 -7.671022952111254956e-01
1.800511152306873419e-01 3.340176074767843284e-01 6.039911494436702721e-01 -3.499337826924269201e-01 -9.258051150878034152e-02 -1.039754770452328447e+00 -6.102572982644679372e-02 9.984916514460062675e-01 1.372746447248123225e-01 1.630180800370529537e-01 -3.187199985855604378e-01 -2.781082949949001404e-01 8.182937181566901641e-01 -7.427970487745521044e-01 2.637342448186554278e-01
-1.848502813300217040e+00 1.029226993080267327e+00 -6.137989976203340747e-01 1.492500660923082201e+00 -3.210660300127478606e-01 6.158817010601416175e-01 1.738565747824340590e+00 5.574372175316592015e-01 1.942576675813726172e+00 -3.201444460223449306e-01 7.164422066653501897e-01 -4.978891283511927557e-01 -1.228299390597695551e+00 -1.031077080534230417e+00 3.733710811775738381e-01
-1.126670046768684763e+00 3.154552574528117770e-01 -3.217120570502529087e-01 -1.758673334342159000e+00 -1.312458222948492903e+00 -7.432309675675918825e-01 -5.156302990627928406e-02 -4.139505071937108482e-01 9.039230526207039929e-02 2.945713734291696140e-01 -1.551166105366676540e+00 1.719425928512801516e+00 5.465888645844858146e-02 1.063898533759129794e+00 1.093924103625971284e-01
-1.767446800263610673e-01 -6.152616138911009003e-01 2.374261898293076045e-01 -1.088939889671630912e+00 -4.078916501335810296e-01 -1.966339011223195710e-01 -1.963469597421489687e-01 -5.823393788171575824e-01 -8.111938425824280485e-02 1.553412896238164587e+00 -7.183530912383760680e-02 6.670125437858134276e-01 2.134975636770440666e+00 -1.381744526954177266e+00 1.121166977238546997e-01
9.871660095233029120e-01 5.871950725284703632e-01 3.978106378119630054e-02 -5.966133036648727517e-01 -6.657623881419600931e-01 3.571223068566314190e-02 -8.736719393292382563e-01 2.808042911729162761e-01 -1.879942658325292948e+00 7.248672478408471065e-01 9.613258839269115397e-01 -1.717399829514432152e+00 2.975476184335186236e-01 2.072628567120225362e+00 -7.769515778116482529e-01
5.949014694239899148e-01 -4.335463325947746527e-01 1.015015966962643956e+00 6.559403698659167503e-01 1.010400022930304953e+00 -6.108491143075086560e-01 5.061848181138752789e-01 1.370320827372051964e+00 -1.756523943825819778e+00 1.491355461408422345e+00 -3.239283392836280751e-01 9.129318686843884700e-01 -6.066704673951675009e-01 -2.230234641990338051e+00 -1.669711669399291276e+00
-5.468796993320750310e-01 1.950365721774217853e+00 -8.224419981438121363e-01 2.730567346755874425e-01 -1.639862079041083109e-01 -6.275122237234999067e-01 1.462479729155655050e+00 -1.394291870375027997e+00 -1.717248314572850321e+00 -4.431482904458263206e-01 -3.100477353222074184e-01 -4.612422897861931381e-01 -1.869269098132263496e-01 1.133701661819801920e+00 4.954230519188752568e-01
-7.760761956138603757e-02 -4.234531085258905203e-01 -2.226630574213934177e-01 -1.311508313141253601e-01 9.676596082713100344e-01 7.330533702235975113e-01 -5.518466657733107628e-01 3.755830967839471346e-01 -3.525745059746357435e-02 5.986518039865129648e-01 6.529117991982571478e-01 1.271906453393078840e+00 1.252424739313646659e-02 1.480006981267236954e+00 -4.652881351848327518e-01
-6.961911471015011510e-02 3.368694493123083333e-01 5.950192884974588869e-01 -9.080780113033141143e-01 -6.514251003277036212e-01 3.083254955282261345e-01 -9.470355466124010663e-03 7.967091271013939657e-01 3.156532523395208512e-01 2.761390983546413991e-01 5.399581932341117607e-01 -5.621481151484258865e-01 4.612380986412248363e-01 9.831850567433960686e-01 -1.205748248163330372e+00
9.307874803997101543e-01 1.686813986873986648e+00 1.780695087476581451e+00 6.065204071687125831e-01 1.138576000489137430e+00 5.701522833541110558e-01 -1.064994139280852403e+00 -2.226430886422391175e+00 1.191911539292736633e+00 7.053683354104547387e-01 3.013509854466224769e-01 -5.372145808781548376e-02 -2.519749014471447945e-01 5.092643583499537607e-01 -3.767470673501199796e-01
1.022942801916561922e-01 -1.148505642261573173e-01 2.671495005890111019e-01 1.039316756961210064e+00 -2.005332092221386864e-01 -1.266207616722371698e+00 -2.458128336502216627e+00 1.437818733252228809e-01 -7.605252038875205400e-01 -1.135924586786774167e-02 1.667937327646421997e+00 2.272730912902214684e-01 2.949239227836337740e+00 -9.442257568862247874e-01 5.025244824652336240e-01
-4.607881378303309017e-01 -4.891034584013859154e-01 6.315551264204689597e-01 -3.582901377068479221e-01 -2.109091349708537955e+00 9.164353310403617892e-01 -1.846915175893712180e-01 -3.943697930874063839e-01 -4.275017460979709805e-01 1.015067258640709014e+00 2.475034553899301049e+00 5.432053263511189833e-02 1.204928118007491805e-01 -1.362893708135048065e+00 -3.084848251040311212e-02
5.294647290052113542e-01 -9.469431494594109100e-02 3.608973583596391393e-02 2.139975987383459177e+00 -4.188581214657323137e-01 -4.429170163676271477e-01 8.056063417944379912e-02 8.707491711567173498e-01 -4.666462466954963695e-01 -1.722496895285788643e+00 3.150147500276459511e-01 -5.535712384543088893e-01 2.451489071926989116e-01 1.849162159172184350e-01 -3.122065225571757363e-01
-7.089284393219638658e-02 -6.374918977110948237e-01 -3.878558499715996366e-02 8.595299728627500135e-01 -1.413090919031620984e+00 -9.186608671456063524e-01 3.570534187267764281e-01 1.314209446013388627e+00 -1.995042963016070148e-01 -1.530551713466784813e-01 -2.428049207038298907e-01 4.414536274744561006e-01 1.326441240938384392e-01 -1.474412640992134760e+00 1.692276387359751055e+00
-2.202157067843112603e+00 -8.300589833176058585e-01 -8.805760367024214608e-01 2.817405319173042488e-01 1.542626566001308319e+00 8.692010857387748590e-01 -9.979489843403850646e-02 -4.988265640068327844e-01 -1.701142571619162602e+00 -1.259139007599293203e+00 -3.118314844405443154e-01 2.585788385870555484e-01 1.455834299719470926e-01 8.351344724097590211e-01 -2.819697550192413679e-02
2.067884147327875288e-01 -2.310595603637064233e-01 -1.724661290793927382e-01 -7.158106989996858571e-01 2.973828856342694005e-01 2.974633044910621749e+00 -1.958441975993965745e+00 9.142353404393033234e-01 -1.229255121234177572e+00 -4.626087604505200734e-01 -3.007709686388432835e-01 -1.694921857981924074e+00 7.663971939099850639e-01 9.466269378881213559e-01 -8.926353203760429844e-01
7.016511902244462195e-01 3.420457898011208808e-02 -4.168751644270046741e-01 1.657608195903293447e-01 7.765768963368008260e-01 -1.684930312048963374e+00 -7.409090663733043369e-01 -8.953151443558077238e-01 -9.486171017003742767e-01 1.115596054070983500e+00 -5.249819071675438931e-01 -1.591894689914058914e+00 1.034949828218246992e+00 -2.897555521130570216e-02 4.559454531766384267e-01
3.562075331041368864e-01 -7.466972907434773488e-01 -8.933383837047244036e-01 -2.131098965330311845e+00 1.273068635890025613e+00 1.003789838201407880e+00 2.298659264236632804e+00 2.896633563759831720e-02 1.577599788214429921e+00 -2.227433196201009213e+00 -5.290500665148547554e-01 1.073241586545190307e+00 8.957768140373439936e-01 1.062521053512508695e+00 -2.365901627420487485e-01
1.151761212665881162e+00 -9.324660460843634327e-03 -1.252366245844807047e+00 3.196611809417533312e-01 -1.993202021709599703e-01 -1.209683499965234388e+00 -1.932360467507952873e+00 2.241576398790333102e-01 -7.948038549508226192e-01 7.519182005122778678e-01 4.960817085055616582e-01 6.856729988042101764e-01 -1.480475626992581450e-01 -7.357466391223234092e-01 -1.168736239320518733e+00
-1.683856038413420908e+00 5.903979093108328857e-02 -1.246766228793433524e-02 5.677317381755464520e-01 1.839247583164073940e-01 8.325469545708771291e-01 -9.853743161619415991e-01 -2.478685899307231821e+00 -3.066927545709291492e-01 -1.058586086490942088e-02 4.802865724626430577e-01 -3.925402466583080563e-01 4.615163702755721853e-01 3.550307384453428583e-02 -4.139911307499873905e-01
-2.221260149695596792e-02 -4.969510670262362595e-01 -6.960121682016173761e-01 1.245419251705641495e+00 -4.673960830586463833e-01 -4.587249547253914872e-01 -1.316957456764507595e-01 1.215978677058632940e+00 5.714684635187073924e-01 1.100785615637076775e+00 -7.207906868445990156e-01 -1.489038092368594857e+00 -5.135289066612973574e-01 1.175642638595356226e+00 4.125468113719129026e-01
1.530323691641360673e-01 -2.659778532866558520e-01 1.359399088827859092e+00 1.652095800375672274e+00 -6.868272808433009136e-01 -8.483955958283543319e-01 5.922279651727717642e-01 -1.371438428625689765e+00 -2.104721955525011567e-01 6.367527347697949924e-01 7.297073371828117772e-01 9.160949087524262735e-01 1.029609155967400325e+00 -2.024237723132592759e+00 -2.356666407798742313e-01
-8.319763311111436632e-01 -8.940944271806424704e-01 1.439993468484239147e-01 1.949241499698985691e-01 -1.080375542496760266e+00 2.708953059649533923e+00 -9.564719973769599815e-01 -2.663601582750024566e+00 7.218872661852751005e-01 -3.457591695658563391e-01 -7.669774782892981868e-01 -3.126824841504323160e-01 7.113600844604874851e-01 -5.879457236035697809e-01 -4.722132854385947542e-01
-8.830191056589894449e-01 4.100545870739246146e-01 -5.507119488601072144e-01 1.133844970918357564e+00 -5.841461660105194964e-01 -5.270510968985110400e-01 2.381746365035711133e+00 -4.325831066223740501e-02 -1.233314488102881246e+00 -4.585635395718318796e-01 1.851604045072334337e+00 8.693027092733821570e-01 3.922467901124981893e-02 -6.623797823813623031e-01 -4.226268763143434803e-01
-3.556339518485050755e-02 -6.031264454162211797e-01 -1.703276395562542955e+00 -1.170308419097505936e+00 3.992322742930133339e-01 -2.939936888554265937e-01 -1.335432156630413036e+00 2.225662223653132599e-01 -6.211238218333904326e-01 -8.465569455253344477e-01 1.023879409943473151e+00 -1.444914339499545397e+00 -4.164213646129229507e-01 8.959300525088992329e-02 -2.665974945881643410e-01
-1.152989991203432263e+00 -1.056271741102198236e+00 -2.971898455350303614e-01 1.771089620684887234e-01 1.706607316730787971e-01 1.344543982486502642e+00 1.290509070274216352e+00 2.438355274647917847e-01 -6.847617117626813021e-01 9.575344306829827179e-01 3.901824400380575764e-01 -3.130696832041175715e-02 -3.697285228781771460e-01 4.599881601252645558e-01 -5.731454407879090773e-01
1.588733091206053105e+00 5.570594944579565500e-01 -4.362007484463363283e-01 -1.219868118352740671e+00 4.135851820255267430e-01 8.546428299323023392e-01 2.489950014743038398e-01 -6.610426448444780556e-01 9.550653868244234346e-01 -3.278766932934550071e-02 5.171022753848011355e-01 -1.619393206777932637e-01 -5.254564463920741169e-01 -1.372549312117796461e-01 6.886064698171409093e-01
-1.114327833667076106e+00 4.016511464806870602e-01 1.109825084099598014e+00 -1.594325073410445048e+00 -5.453108988056833972e-01 -3.082628081624044780e-01 7.873335858352777938e-01 1.024137586086348445e-01 1.441774731819598809e+00 8.262198328792265123e-01 -6.396874982353445427e-01 -5.831631101693836028e-01 -1.254347123421817534e+00 -4.529871448807793466e-01 -5.354499787327524629e-01
-1.040875356303162746e+00 -7.693702002639559723e-01 2.235619567847122457e-01 -7.246885531337284858e-01 1.869779310141725936e-01 1.151024195348742563e+00 8.132684944993344711e-01 5.515422625018375768e-01 -6.199171903680540385e-01 1.717965926372705843e+00 -1.043979052564223547e-01 -4.966411924433189462e-02 -1.179697725619954340e+00 7.878630587476548319e-01 3.671362152019141956e-02
2.779290622352973972e-01 1.256337032769020645e+00 -8.821972423463383395e-01 -7.247407810011936569e-01 -1.340036362118647517e+00 -1.330298890052531435e+00 8.208426456405226723e-01 6.358282175012495152e-01 2.125276740190184199e+00 1.086004594931882394e+00 -4.496973739094543565e-01 2.557767195550783024e-01 1.286328030496694641e+00 -7.651867001201139162e-01 3.826045469066977622e-01
1.399058959718096240e+00 1.239177013308571773e+00 -1.625237538126075298e+00 -1.234202380401569821e+00 -4.704678562598679781e-01 1.654519699384707998e+00 2.352912637349913183e-01 -2.844697515904938134e-01 -9.815406109047950522e-01 -1.305298282438020818e+00 1.305440814516182213e-01 3.092918857560550960e-01 -2.136413233206343687e+00 1.156786691940113077e+00 2.396912622911435975e-01
1.852371666782722248e-01 8.432089540730719479e-01 -1.728987241753173087e+00 -1.195223836774225168e+00 2.219578245782928061e+00 -3.632151055492082725e-01 -7.941886998431177958e-01 -1.756734924045393609e-01 -1.342759860440103370e-01 5.828559944225389922e-01 8.517200869710744859e-01 -3.776440475355742898e-01 4.320434940696724624e-01 1.696135763873345192e+00 -4.583443015588657410e-01
1.101334426823975532e+00 -6.322596583629211953e-01 9.016551492076251284e-01 3.096922500802881117e-01 3.168082897065097603e-01 -2.103116777978560226e+00 1.580436377619373722e+00 -1.021771111695425116e+00 -1.017002286210346940e+00 9.762626385448898159e-01 -2.978186181848035963e-01 1.138478657818839279e+00 4.241028475188364510e-02 6.644657929119218709e-01 7.932415442785333282e-01
-6.589626751833542739e-01 -1.808284402111931533e-01 -1.855544809994379207e+00 -6.963207991180849765e-01 -1.987063982092169556e-01 -1.344899100952643867e+00 1.831053515050598657e+00 3.632683503934486247e-01 1.857283894281482439e+00 6.175456014018207984e-01 -9.164995102305036889e-01 5.260755498474412040e-01 -4.291165225787537674e-01 -4.609982006367996377e-01 -5.822823575378366368e-01
6.316586903045046109e-01 3.195969532394201673e-01 -1.214397000943239657e+00 -4.914029988997836162e-01 6.805727517063950849e-01 1.442770670297337299e+00 5.923408670731524772e-01 -1.285029218466890555e+00 1.189974174614721214e+00 -8.752434396827525331e-01 4.211158219196437513e-01 2.487464248008983969e-01 6.622271472223693056e-01 -2.441499240993498798e+00 -2.125619201308480977e-01
-3.296990087059959440e-01 -1.504294151414165892e+00 -7.950584384821032247e-01 -7.026790671383800202e-01 3.199823047346320171e-01 -5.966819169471258011e-01 1.766733993706666173e+00 -1.916981119752707352e+00 3.429478276792256586e-01 -2.560836227268497023e+00 8.663148107872458217e-03 4.968956770785325494e-01 1.836300137457300696e-01 7.461763484880646891e-01 -1.018312101349144461e-01
7.602449474978811850e-01 -1.097639354948147794e+00 -4.148261963862027724e-01 -3.371359908340263445e-01 -1.952089844781149219e+00 1.436677782148980009e+00 1.493033735121658268e-01 5.704061774393368589e-01 -1.349243937093751733e-01 3.312131638860530414e-01 -5.879276449298316906e-05 -1.492596355511584871e+00 -1.791179867276160298e+00 -1.324605832636039482e+00 -3.502821270874855175e-01
-7.484528900443517818e-01 4.333115363973949474e-01 4.396805064799207963e-01 2.533554124580032485e-01 2.424931745240180625e+00 -2.864736058029602184e+00 -1.787447920532328594e+00 1.134254290120550124e+00 5.516901805878503540e-01 -6.803038166519180807e-01 2.183317279936905386e+00 4.042089405684423653e-01 -4.694138571630938617e-01 -3.859284564058874656e-01 -1.420625512253886003e+00
-1.083374517533318260e+00 -7.989500008213440418e-01 1.771339570198381952e-01 -2.744447237614214274e-01 5.863197963870763196e-01 -1.164537809857095318e+00 2.123258199061701101e-01 1.177335156358831680e+00 -3.986495023559287199e-01 -5.733062974138906087e-01 1.914618367043678049e+00 2.400745575584187552e+00 -3.968265851631048169e-01 -2.784504517071377805e-01 1.315175170320833919e-01
7.292065812028412919e-02 5.670146991841970019e-01 3.236597418613653687e-01 -8.247530879530698966e-01 -1.367974176323058622e+00 -4.719028380481333773e-01 -7.657237962052171332e-01 8.187596732161044333e-01 -1.294025471034929931e+00 1.049572095434768038e+00 1.038432512042524181e+00 -9.914973579237552626e-01 7.821986229821277226e-01 -3.017109899083122437e-01 -3.790938363501415442e-01
-1.346276601567676590e+00 -5.860806971004955956e-02 1.478226138655476252e+00 -9.803007888269669179e-01 -1.589037509494649614e+00 2.166745053383959174e+00 7.954680749228867365e-01 6.845124049795331400e-01 2.473932669318049393e-01 5.158164194261264379e-01 -7.564003200645811331e-01 8.337488404755034610e-01 8.693818144296024952e-01 1.526187900753013027e+00 -2.065972273464151243e+00
4.875725858486198061e-04 6.656195780935653117e-01 1.856908771549184989e-01 -8.972921905483772775e-01 1.034916616564252267e+00 -1.082560373158647504e+00 -1.214799119512642439e-01 -1.222754611570741945e+00 5.532150067229721913e-01 -1.645792823893125756e-01 1.851304888428806361e-01 1.099862248797582598e-01 -1.046586482704296328e+00 -8.133422562120992128e-01 1.611067334656151262e+00
-1.418103405455170218e+00 1.222165025607393929e+00 -9.784312637905867582e-01 -1.191443386766436907e+00 -9.768966295741227102e-01 -5.683678269513856574e-01 7.174783743541376380e-01 2.588778059957005384e-01 8.726199049996086199e-01 -2.724508869108737574e+00 -1.106909909016854376e+00 -1.970526064455316195e+00 -3.216984375209423486e-01 3.745384085959675424e-01 4.048824886698363379e-01
4.756251516770958476e-01 1.278736667125666804e+00 -9.445115262256692512e-01 1.084413381051943626e+00 -4.404184891068383956e-01 -8.305065949455991969e-01 2.839122396067818577e-01 1.365734684731364057e+00 -1.116223941699283490e-01 -3.498311391633359690e-01 2.235680064551436974e+00 1.104917749757192258e+00 1.365650801825092797e+00 1.389637255903231727e+00 -8.816159933666916082e-01
-8.026351940075846514e-01 -1.697330135070303614e+00 6.042767925066355739e-01 1.677535632915440056e+00 -2.030105180027535761e-01 -3.766843206495890106e-01 1.096253856663770510e+00 -1.379338824477886583e+00 1.263308499616110803e+00 7.667492684944817727e-01 -3.485929592891163775e-01 1.094303478949741448e+00 -2.738354351987903335e-01 -9.953976957386809765e-01 -2.231102501809436311e-01
-3.222820216977584059e-04 4.884900373221395808e-01 9.864021867806502808e-01 1.419551858057859495e-01 1.915925640090753168e+00 -7.677568319179992606e-01 -1.506544163184826646e+00 8.923729336856867089e-01 -2.232556701467822424e-01 -7.726963493223966417e-02 -8.690281207214773929e-01 -1.477098431909549814e-01 -1.520064830221853569e+00 1.267593695018258027e+00 3.151141148856691498e-01
1.231492773516156047e+00 -2.795260625011616873e-01 -1.270923743613807666e+00 2.407966617403660969e-01 -2.395005786704836215e+00 1.634148077766869323e-01 3.028245821617427391e-01 6.710556145936204253e-02 -5.256732726188223515e-01 -1.196983787862026416e+00 -9.540200508574256943e-01 1.279392378109168060e+00 6.157088425933873177e-01 -2.320748637575990703e+00 8.191185116189390047e-01
1.037688036481807741e+00 -4.152796736515275700e-01 -8.835420456596976280e-01 3.221535618403281176e-01 5.151418337742028619e-01 8.220973913388353038e-01 2.914164494385337978e+00 1.449333626010132825e+00 -9.780523222889416779e-01 -6.355878666409772171e-01 -8.770783483642021761e-01 -8.626813481344492995e-01 -8.310568175448455053e-01 2.962130545917478930e+00 -2.350511028635435540e-01
-5.867058533158890921e-01 -2.036129093106302523e+00 -6.561688145704556163e-01 -2.455500594882121135e+00 -7.265712779257562648e-01 9.724888015792225726e-01 1.567790073438048326e+00 3.406407813740335300e-01 3.243204266492083487e-01 8.538715405227502719e-01 -9.925584319128789579e-01 -7.163056804959722079e-02 -1.174737805349785003e+00 1.051570984692653310e+00 -4.299460555750675428e-01
1.048543252911132484e+00 -8.905627738298115270e-01 -7.872852127452411031e-01 1.457728962605895573e+00 9.632520337084724549e-01 7.029538564176875115e-02 1.504248281592021286e+00 -2.584008257165622546e-01 -2.377496446231496807e-01 -4.845728929619224079e-01 7.708670815317435476e-01 1.266204436688658674e+00 1.636914050675719601e-01 -6.239312056260061246e-01 -4.034500408490047652e-01
1.512088043554370431e-01 1.074565138707589629e+00 6.350515032336012666e-02 2.535366625322900136e-01 -7.226939344103870955e-01 -9.436244145675294348e-01 1.824893178087002021e-01 7.039927451083810572e-01 6.662135032670474244e-01 -2.578776543546369357e-02 2.453863427654275675e+00 5.182746084518992102e-01 -5.176270679121384166e-01 5.952684796780712828e-01 -7.524476274716838109e-01
3.653061659458037291e-01 4.307843259325296881e-01 9.563801829122383635e-01 1.167684998876906466e+00 3.775942452155958695e-01 -1.125116793416780503e+00 -1.694967955279165883e+00 -7.272460393835222803e-01 -1.266925484985171213e+00 -8.739326090478770626e-01 4.148097399697149856e-01 -1.626707118513469608e+00 -1.292743975650755273e-01 2.905941977413431174e-02 -7.053139558877407067e-01
-4.837990052909131866e-01 -3.056568466302588272e-01 -1.153923464021968659e+00 -1.102553395682552173e+00 1.004114527725115558e+00 1.589423474999505093e+00 -1.191918263864924776e-01 -2.689219251362232055e-01 -7.442374930707249536e-01 2.242993366564914659e+00 -9.237692397085947027e-01 -3.396097856613777464e-04 1.290347975067631214e+00 2.148067231805275146e-01 9.953400910159426740e-01
4.465153244084258399e-01 1.167732656140804126e+00 -9.787829242367201976e-01 -6.999700260382621941e-01 8.641645235981286755e-01 1.307519811080193550e+00 1.995670968633820042e-01 7.524475992341820296e-01 3.614605852031166910e-01 8.615180216469711660e-02 1.369812127112032540e-01 4.494569159668416747e-01 -4.157967767232672029e-01 -7.894339240372678923e-02 6.492418985604276882e-01
6.133985507292318839e-01 -1.427541044633141132e+00 1.286563305933227541e+00 -1.042230722138110410e+00 -5.590814278141110760e-01 1.592836626768755037e+00 6.402075479621380794e-01 -8.056327317034611690e-01 1.042868308712674663e+00 -7.469533410854436450e-01 1.107587649993815759e+00 -7.248365665133112978e-01 -9.595830421363411578e-01 8.523455760889521171e-01 -2.296979453909002433e-01
3.611166238147276997e-01 4.062319286802651974e-01 -4.099335675010584157e-01 -5.907853860900940113e-01 1.070994280500862761e+00 -2.587808210882293625e-01 4.602999341400961231e-01 -5.786023688309437363e-01 8.302656156621875949e-01 2.988142112078977508e-01 -2.130797892314157393e-01 -1.076046661740127641e-01 5.103494372664221235e-01 -2.381482571862748809e+00 -4.069906851048848279e-02
4.059572640098829122e-01 1.588563525627230133e+00 1.185643441255109343e+00 8.381831938695092354e-01 -3.041265247046354703e-01 -4.020786963702986383e-01 -1.268433402294441237e+00 5.862204911566755161e-01 1.240390275434316986e-01 -7.128440863517570003e-01 -1.238093208987898430e+00 1.083690879625041514e+00 -1.119849321294893230e+00 -1.231955580191776090e+00 -1.428708376019259818e-01
9.347489033158183913e-01 -1.452604549000905854e+00 3.345072920572166875e-01 1.745985701894555042e+00 -5.749386862114229668e-01 1.883451322052885679e+00 -1.569224448079382592e-02 1.100856835193737837e-01 -2.350854421415900397e+00 4.962600875860338490e-01 -3.864342441486903201e-01 6.942582832671349014e-01 4.345815133933706997e-01 5.901665337060597594e-01 -1.145763235390666379e+00
9.176374080509590581e-01 -4.683661945924394443e-01 -2.855783969498050801e-01 -7.405467892715204004e-01 -8.166901404631525807e-01 -1.212114050495088080e-01 8.670211084963063142e-01 1.827959561857616988e+00 3.452957438657498379e+00 9.175813641764601902e-01 1.246626218677081788e+00 -3.189789045776558196e-01 5.568123318236086750e-01 -1.078955844284595900e+00 2.503484241335482419e-01
3.309942338783471438e-01 1.168896253906713673e-01 -5.743073349888225820e-01 -1.393809888480829207e+00 9.982282281862383533e-01 -2.081374941965650760e-01 9.618756300547891547e-01 1.195705882926376695e+00 -1.961381911839178427e+00 4.190639616842622983e-01 6.754951390763846986e-01 -6.188695704038786882e-01 4.860232183985374599e-01 -3.974112609849682620e-01 8.155763017824696481e-01
3.093352154067422477e-01 -2.389216636427559937e-01 6.155787423752181464e-01 3.456740888712710874e-02 6.357506683831105898e-02 3.052697044898898537e-02 1.267291760906117171e+00 -1.632733233158027708e-01 6.941319787063754410e-01 1.468129876255832023e-01 6.697029789264756783e-01 6.004741398237502248e-02 5.397911273648825503e-02 -1.751601145922306424e+00 -5.646563601268775878e-01
1.176988487125441241e+00 -8.001262657074983409e-01 6.203264562944706823e-02 9.627482479979602159e-01 3.117661837133827163e-01 1.075039644278678458e-01 -1.469965413828778544e+00 -2.006927540515407726e-01 -9.774640281095954286e-01 -5.296081484246240034e-01 -1.615472059009033901e+00 1.110840294819117613e+00 -1.133013712976407156e-01 5.909673562532183899e-01 1.032826509647427837e+00
2.673038843349176408e-01 9.478342964755929190e-01 -8.832634519572356568e-01 1.651936518155838751e-01 6.123514761512143245e-01 -1.237393482587193283e+00 -2.516441502797439056e-01 -3.850821403626792927e-01 -3.528646849522835138e-01 -7.480215187222678530e-01 -2.771168800701603874e-01 3.053509218317737584e-01 -2.932661454926525080e-01 1.636593207778271220e+00 8.647484810123846899e-02
1.472901528895434161e-03 2.249179090240805423e-01 -8.500051745571118866e-01 -8.570019857201015279e-02 -1.734193771257628580e-01 -1.908456150106014326e-01 -1.305755484730367399e+00 -7.711253621241491718e-01 4.010038230892254418e-01 6.839101395225921642e-01 2.291946662299567949e-01 2.162431909685996079e+00 -1.601452126678222232e-01 7.623775784570678837e-01 8.154272213626160282e-01
1.287873471739517495e+00 -1.538888428010751985e+00 -1.077608772982528329e+00 -9.338089252619786729e-01 -7.670065962494211631e-02 1.625412017596335468e-01 8.025245651095659349e-01 3.752488457803530159e-02 -6.830569370006799312e-01 8.835192145348165493e-02 -1.160535716216046787e+00 -2.077795301136410977e+00 2.382632311870978570e-01 9.637201460030373479e-01 -5.932877529913425096e-01
-1.751011388065935592e-01 -1.412157132684299432e+00 4.655535684024957321e-01 -1.982957506036076289e-01 -5.373170482994765740e-01 1.112358290333343991e+00 1.833430117126911174e+00 5.983921306577031363e-01 1.158995178802395332e+00 5.719110186068817603e-01 -7.318242623594171103e-01 -3.107293315709321047e-02 -8.394455589707919829e-01 3.280281350488931658e-01 -4.539647672915142484e-01
-1.015155283449896251e+00 -1.408054396542697713e-02 2.785286652323195056e-01 -1.830657444600284789e+00 1.353553329959494150e-02 -6.524635731217869328e-01 -2.718875711875210044e+00 -7.582201864606457065e-01 -1.280450387992623007e+00 2.876884934286235151e-01 -2.377244870925054598e-01 7.815466415835804481e-01 -3.154926705994652303e-01 7.428522231154232047e-01 7.987754023211679488e-01
5.940891425979048096e-02 -1.578441467612711646e+00 -1.783399454018260943e+00 1.448995480010219827e+00 -5.045973613251788503e-01 4.242001700753443849e-01 -1.641022533178243814e-01 1.675990233527929307e+00 -3.735931445999284839e-01 4.187107710255277837e-01 1.132186608911779802e+00 5.527843437933025461e-01 1.009690877665897935e+00 1.758530789289486640e-01 -1.233876149883545326e+00
1.363116368574508019e+00 2.959294172770315923e-01 1.467133372746785291e-01 -1.120892747352649543e+00 -1.349841962393406869e-01 -1.370777961987498794e-01 -1.199971927647719254e-03 -7.396523556346520367e-01 -5.081417293195368279e-01 -2.191471712555671303e+00 -1.673049237541365530e-01 -9.712530734685492773e-01 -1.941340841148487373e+00 -1.875024768681350096e-01 -5.574143021520178154e-01
-1.596944132589837251e+00 1.481292653195459108e+00 8.324784072419990633e-01 -2.523131746518897933e-01 5.723116679513621241e-01 -6.784648802203308016e-01 -9.375359764375862381e-01 6.365527557420160853e-01 2.812347654365677796e-01 5.640178787080860623e-01 3.357361814804143418e-01 1.688159850447165655e-02 3.717004213385813327e-01 1.130731093076809968e+00 7.748402780813186119e-01
-1.598272168784335090e+00 -1.126671532641925433e+00 4.004643609089934553e-01 -1.213740265502049276e+00 -7.487103722974268738e-01 9.669038046924322005e-01 8.740232523603497228e-01 -1.381912098041889969e+00 2.718445949272555229e+00 -1.864759297818616990e-01 1.327772883549434901e+00 1.504166312374953351e+00 -9.917775014626800667e-01 -7.109535370631581142e-01 1.503987211781343536e+00
5.998868882482982778e-01 -7.327346558004304011e-01 -1.068050138538405136e+00 3.621680907427483054e-01 4.225891877966556631e-01 1.754132470704953040e+00 1.244331203669269303e+00 3.337091957581070911e-01 -2.396968891583380667e+00 1.084946848534037223e+00 3.642296498709924890e-01 1.759668729937520215e+00 -8.475561589376625626e-01 -4.099806419849152950e-01 -1.186712806161040357e+00
-1.019879909580722499e+00 -1.310127227001185224e+00 -7.661679028317652795e-01 -1.809784464863145148e+00 -1.384206319621131609e+00 -6.487111154578368843e-01 5.500898543505022831e-01 1.874522348118805581e-01 8.027654091043815443e-01 1.609047826296353900e+00 1.650869164649105159e+00 -8.225411566425001597e-01 5.187676324804955108e-01 6.196241301641876031e-01 1.192492141724651455e+00
1.171986438008828069e+00 -6.646256486196839841e-01 -3.430564147233316485e-01 -3.103175992776956438e-01 -1.716615125194730085e-02 -2.757519434150181303e-01 7.630413691791417818e-01 -1.698531032209510128e-01 -7.519038656057472902e-01 -1.252345597078605044e+00 7.004831094510510781e-01 -3.783793744763829237e-01 -1.879547309998435223e+00 5.308047922567290522e-01 1.499594387573980780e+00
1.193911716175158899e+00 8.513569199339501292e-01 8.073930824033447307e-01 -9.240962561360134275e-01 1.478625986010741800e+00 3.117447825951361606e-01 1.857963021846950058e+00 6.417029246406578125e-01 -4.359937461641919532e-01 -9.822917672396873009e-03 4.127445744651029869e-01 1.133187755626519078e+00 -1.779729215408591081e+00 1.473177927279336386e+00 -5.461259738850572365e-01
-4.599724021765980164e-01 -1.394402008791515657e+00 -1.613063388776659002e+00 -1.661756267979019652e+00 3.768560768448466769e-01 3.860874913354271354e-01 -9.225200624290500473e-01 -1.215575860402614422e-01 1.306867005534704251e+00 -1.348170154829391398e+00 -1.002437224277404448e+00 5.327936555978473043e-01 2.201149706239964754e+00 -1.341004729791193784e+00 -3.368635388081952509e-01
7.704459640152591104e-01 8.965269235402173464e-01 -6.873268303460463580e-01 1.804595399003498191e+00 8.638466763688972261e-01 1.186225059649868019e+00 -6.993689432639470516e-01 -5.158810190790216188e-01 -1.689065004046121476e+00 -1.013106056035870006e+00 -8.906100680514187351e-01 -8.896213752848641798e-01 1.111455530593401242e-01 -9.264885522546860430e-03 8.560032118847356319e-02
2.842941015430719420e-01 -1.440418653621815093e+00 -3.260654795499232095e-01 4.565733714212840133e-01 3.191166366045559144e-01 -1.530213314137812253e+00 -3.353767485012845162e-01 1.713702743472309331e+00 1.056794956646733619e+00 3.330417748484235663e-01 1.485082695906811523e+00 3.889017491193522136e-01 5.725190502788048974e-01 1.215493989828122290e+00 -9.021537725716962663e-01
-1.184327376622016148e+00 1.684693916317493656e+00 -1.100341472265727649e+00 8.621789362833413017e-01 9.185388789772649942e-02 6.354754744663587696e-01 -8.414669730094787026e-01 -1.009840670949066599e+00 -9.561193840673667399e-01 -1.850319944031152131e-01 1.674593061250101655e+00 9.532188450992896689e-01 -2.594026682124220273e-01 8.371983455656447637e-01 -9.984033848248702325e-02
-1.866388415945202939e-01 2.067843784705783727e-01 2.812051512134710496e+00 4.027048210466501743e-01 6.119071197178745924e-01 -1.122461607377574611e+00 -2.147416331331112982e+00 7.519643193805698456e-01 -5.462207250426645011e-01 -9.085924415822643763e-01 1.284818592826865391e+00 1.383858916262644900e+00 3.909147697361639584e-01 -1.605359355590041115e-01 2.430250694947671056e-02
-9.681062238606842341e-01 1.146095653481533916e-02 2.111235291954431492e+00 -4.074628520431612944e-01 9.628558845805021971e-01 9.843362504430550608e-01 1.198944774127684187e+00 -6.518596201574590188e-01 4.169316679700457717e-01 -3.795513491832471775e-01 9.758067973915662829e-01 -5.041062521307182465e-01 3.902747199642237486e-01 8.566719574192508402e-01 8.202131557590395250e-01
5.642486089384078918e-01 3.343787256269888375e-01 -1.872706295656220155e-01 1.285804545615348848e-01 -2.864613259960679392e-01 -8.936185246254477743e-01 -5.695611912728083537e-01 -4.941014427386682950e-01 4.962032034650885604e-01 1.142897116969653126e+00 -1.052486422402981514e+00 -8.601012779928744745e-02 -1.057652771529913105e+00 -1.895965067565307915e+00 3.171665515168047844e-01
-4.617905817907017596e-01 2.603998413339289053e-01 1.533565648848167207e-01 -1.540979133588740835e+00 2.373346087443735930e-01 1.127632948762736120e+00 9.385009099878262040e-01 3.317767213727388365e-01 7.572717336276957312e-01 2.971533532871311611e-01 8.999075003385800242e-01 -1.668409333788827054e+00 9.178258193200650172e-01 -2.237004563732351847e-01 2.433831861255152162e+00
2.107368586937135024e+00 -8.345017951344781970e-01 2.027251371769588084e-01 -1.633698538063611760e+00 -1.290281795920848129e+00 4.245943016844000995e-01 4.078518155741061579e-01 -1.549887433826676153e+00 4.610699974396418321e-01 -3.857051747064827452e-01 -2.084090933830892833e+00 4.390318477515285367e-01 1.115461797886246442e+00 3.568840639253427760e-01 4.552973359613564641e-01
7.259827212417964137e-01 -9.550703687000571263e-01 7.415479258181946198e-01 -1.604700267390689328e-01 -1.249653283411212568e-01 -2.869786596716343841e-01 3.212272201961451357e-01 4.458167818847346697e-01 9.782197781353109672e-04 -9.167706448302239686e-01 1.606480309731488809e+00 -4.989514480759337234e-01 4.384638423288299558e-01 2.806362757510293404e-01 -4.936145783489901545e-02
1.186882870693110492e+00 -1.948519237435812235e+00 9.448918296967245833e-01 -1.604857818567930305e+00 1.430749952531773506e+00 -1.063522626410322802e+00 7.162170028294846669e-02 -1.431470527561388373e+00 -2.038673556684716670e-01 4.925100754761465582e-01 -5.858210467022628709e-01 1.520141831490250173e+00 1.450231291946607604e-01 -1.010430739921759802e+00 6.076577522788653152e-01
-7.677314411375859571e-01 -6.891574750706759289e-01 -6.618006119947184018e-01 -2.154378835178266005e+00 -3.358259233675882638e-01 -2.275926527521094367e-01 -4.696464797500245480e-01 1.370397678430198551e-01 -3.437680907155433729e-01 -6.611784159551851170e-01 -2.019822905603364249e-01 -1.060275824027977487e+00 1.402400783124534200e+00 -2.722076672750649018e-01 1.054092830108379175e+00
2.821510202984311100e+00 1.567003699379516390e-01 1.306409040056834836e-01 -1.268900735024476867e-01 3.546395863628533096e-01 -5.242527817853981364e-01 -6.633367033912489219e-02 -4.853122598680435079e-02 1.806427148821341033e+00 3.461170024896405989e-02 6.401593165777332006e-02 8.076454817163260247e-02 -1.300704627387299750e+00 -1.640034230386747116e-01 -5.076670777009155699e-01
-1.072566801085726024e-01 2.472286370482164597e-01 -4.020771661458747981e-01 -5.955701010823104546e-01 -8.963710559592221738e-01 -1.911960070868282124e-01 5.981372312141259862e-01 -1.457079912162339008e+00 -3.122844514986440334e-01 3.875990672425663752e-02 1.091871044019121911e-01 1.467570622610738118e+00 1.225155491901426918e+00 -1.239667312843881541e+00 1.686412411323702787e-01
