1.828252569050427918e-03 9.292464616432434890e-04 3.517534172602059927e-04 2.970054279428729037e-03 4.330071130888386643e-05 2.951837128332105483e-03 5.688519731494642157e-03 1.707182817602359527e-03 3.728931063881574617e-04 2.512648486568155263e-03
1.450750021809456584e-03 2.545601073220354568e-04 1.936427070636760660e-03 2.906912492948426647e-03 1.588856580548946192e-03 1.224199196964348294e-03 2.700611204674060583e-04 2.517333982173416669e-04 9.128908149221166271e-04 1.341097033168637837e-03
6.169787093628047300e-04 1.391132100257025394e-04 5.866181172561883879e-04 8.225065010815702546e-05 7.538813420496648246e-04 1.667826875255339417e-03 6.177466517365262557e-04 1.010485813048232458e-03 1.508125050732233761e-05 9.242227308293239673e-05
6.506796700684694965e-04 1.816437629362309836e-03 9.497798294474970563e-05 1.205260826706191646e-05 2.679862101750040744e-05 1.202490640786248784e-03 1.542729559154583808e-03 1.190837980235372401e-03 5.664981976406382536e-04 1.118288444692923378e-03
2.631225370503286528e-03 3.573922583422750317e-04 2.269329168987886235e-03 9.233581648013905159e-04 2.762348313931943999e-04 5.106312925409826030e-03 1.750833006648940763e-03 7.070131106220617920e-04 9.612349556486215899e-04 6.727862151845344493e-04
8.563926273987158616e-04 3.242456186288149734e-04 9.355160477520934638e-04 6.732781020741402918e-04 7.510025260254974289e-04 4.643221459681252727e-05 3.784980386533932104e-04 2.124540772310139734e-03 4.999125804186753961e-04 9.232368926067094882e-05
2.155604007084652943e-03 3.350730802389775397e-04 5.427265891012968179e-04 8.935996814816955314e-04 6.530954985590065997e-04 3.764100014300722974e-04 1.017343194516352224e-03 2.126579154534790315e-03 1.238026852832070515e-03 3.816292124953409048e-04
1.274680059872696468e-03 2.116959894300566615e-03 2.034836605707283962e-04 1.671094399880301753e-03 8.112769665987193217e-05 1.666849321604115279e-03 5.944689899549397607e-04 3.708161859583704962e-04 7.261648289323318012e-04 4.922313727694481054e-04
4.022632602106195250e-04 6.316903933581114556e-04 1.351071080681658316e-04 1.116558483617755785e-03 1.120422760491619155e-03 2.233845589723664794e-03 2.005008667612009205e-04 4.555296374911425926e-05 1.772006745355181236e-04 1.002100518192391683e-03
2.344855009057989783e-04 5.571348101943456770e-04 6.263276173584883142e-04 1.081376118801154619e-04 3.807667190210676025e-03 2.751513265704000170e-03 4.074193858880603941e-04 3.122994249689581216e-04 1.789855501047361071e-03 9.876034728315066791e-04
