-2.699969829797611853e-02 -7.329251992948834227e-01 -9.996363679410057435e-01 -1.150445101942452336e-01 2.872248939860163608e-01 -1.804128735255591698e+00 -1.733772112982977065e+00 -2.081443738821004530e+00 1.116065258779203484e+00 3.760422640801690947e-02 -5.826145839120024927e-01 1.918483970012347051e+00 -6.308365710207384236e-01 -1.568709631373163882e+00 2.513207130423683513e-03
-2.844068121027807927e-01 3.914811721257974164e-01 3.584405326490384680e-01 -5.799463847610014655e-01 5.729109721342533490e-01 -1.975576643480833616e-01 -1.097412685158843271e+00 -3.089834659976997688e-01 2.546925050449108330e+00 -2.306059725870591715e-01 -9.466154456015941632e-01 2.136667374683474396e-01 5.027613490937982155e-01 1.113677964983601276e+00 7.054500062829317519e-01
-4.472656698919065532e-02 4.732025589275041383e-02 -8.826107507606107960e-01 3.803973456604728964e-01 2.648492523212326422e+00 -1.299068454576153719e+00 -3.978253196197496788e-02 -1.001093310884460519e-01 -1.417825030375490236e+00 5.809965988717105678e-02 -5.908735777371618703e-01 2.243276258767630815e-01 9.155390901167581585e-02 -6.449772821667226763e-01 2.710959895598591185e+00
1.839291141521805395e+00 7.393277032366920576e-01 8.941427217678722394e-01 2.492453890054835142e-01 -2.930487072619806233e-01 6.926958175344325452e-01 7.309254986779945007e-01 -8.401265472695008674e-01 -1.046242561850347502e-01 4.966332037742731687e-01 -2.266119201049112242e+00 9.648927120848691530e-01 6.640759046221652584e-01 7.771446748937746452e-02 1.862805655861396570e+00
2.695908082418870810e-01 2.287116446543018267e+00 -2.361190613992258935e+00 6.734949725398950982e-01 -9.374960606994586776e-01 -3.125013992018314535e-01 -4.540498154996830960e-01 1.913273826793755683e+00 -7.708456085575314809e-01 1.518462746561009657e+00 1.104702674867887424e+00 -7.232582198956949426e-01 1.830704487506150113e-01 1.072898517427459009e+00 -2.912250726319235428e-01
-1.762000733873815561e-01 4.159826468364304364e-01 4.572840866826429207e-01 1.845642981992857701e+00 -2.999345712311306533e-01 1.167906889641089421e-02 -8.145490466334421864e-01 -2.136579133244324691e+00 -1.937686350120989554e-01 -1.241647070186271407e+00 -1.125182585576725458e+00 -1.269326109261796010e+00 6.936184960940384725e-01 1.057451086152406683e+00 -6.383209697750771849e-02
1.054908047512502556e+00 -2.234003825109587726e+00 -3.474704379807305732e-01 1.511807686187298660e+00 1.021722340191184353e+00 -8.773324995145133087e-01 -3.033280483716234710e-01 1.184439287031564758e+00 -8.292440393737071647e-01 1.577794196869452881e+00 -1.404159058492904011e+00 1.564859205915979823e+00 1.029487523872238686e-01 1.202833417942735572e+00 3.304260422630509453e-01
-1.731428159794814237e+00 -5.417850508616336436e-01 -1.358372691699908597e+00 -1.305927539146060523e+00 6.856150332010119142e-01 -4.484839682461401189e-01 -2.339771225288707956e+00 1.059337162586255543e+00 1.864795242232080597e+00 1.139273723086052792e-01 1.185542381601059070e-01 -8.871018411553084626e-02 -9.447940868907205303e-01 -8.290551936441514780e-03 -2.531178254302829167e+00
5.409254222177820592e-01 1.485418578612219265e-01 4.368093505103813334e-01 1.357502701110323784e+00 -7.379231176607558007e-01 6.003470180867822442e-02 7.577679397763037450e-01 -3.753591047587264140e-01 6.492688178418448697e-01 -1.150888464407062939e+00 -7.363485118836619048e-01 1.053804086625098786e-02 -7.873171219549239819e-01 1.996137543834917594e+00 -6.476738625805044114e-01
5.637382843855229808e-01 -5.845668362482544511e-01 -2.468271858451975831e-01 7.230182861695773067e-01 3.853038152152291396e+00 2.270017497138739682e+00 1.640945320506307092e-01 1.827046389783154676e-03 -6.823836541855362592e-01 3.886274881255267766e-01 -2.028394160677526425e+00 -8.231911274798127121e-01 -1.021296745464587818e+00 -5.328590153626926451e-01 4.930116928632656270e-01
-1.424543579151808403e+00 -1.896072806579658154e+00 -3.145281611402991340e-01 4.234624599875458917e-01 -4.203136140377260466e-01 -1.147629794309682705e+00 -5.918008264202242463e-01 -8.523093542913259824e-02 7.655627406937778323e-01 -9.940619236430626726e-01 -2.482865369659800869e+00 -5.417950590718595416e-01 4.608141645275948273e-01 1.907283275302605052e-01 -6.241404090520658032e-01
3.881965651935003619e-02 5.931856900280450123e-02 2.233940932038452232e+00 -7.621565063449149413e-01 -4.571069586937161200e-02 2.123422329984438139e+00 -1.275728288147885081e+00 -9.508654604711190839e-01 -1.438360850590064466e+00 6.510429634488092976e-01 7.672973725759754116e-01 1.033109686245462955e+00 1.403894878981635230e+00 1.023365936560218792e+00 -6.836029320523473451e-01
-7.430051161468017584e-01 -6.519746845399118085e-01 8.210452933513919804e-01 1.682142824517971202e-01 9.075410174452024359e-01 1.631326093900427598e-01 -6.157371146012257102e-01 -2.297411296360116761e-01 -4.973186288239775377e-01 3.228800924382986270e-01 1.056600839229455274e-02 5.449457024845856257e-01 -5.986793239192552685e-01 -6.892904063400367987e-01 1.123426717080534543e-01
2.237417904977851563e-02 -3.194931033466013592e-01 -1.240072298356404756e+00 -1.014294844643759630e+00 -1.394493025631875938e+00 -7.631900759853368355e-01 -1.185258492320315993e+00 1.263565352057654412e+00 -1.210074790606440631e+00 6.243675560819211823e-01 1.277703630413912661e+00 5.376038993721413695e-01 9.304192424280696150e-01 2.734436106831312774e-01 5.140043018556523791e-01
1.461859026385475158e+00 6.079423922875151071e-02 -8.242445376201384954e-01 2.857063625641109716e-01 -9.575223725617786341e-01 -2.448778470702334786e+00 -1.317347793865143446e+00 1.796073922791781241e+00 -7.918993326150963741e-01 -2.517940207493888360e-01 -2.393522836478507720e-01 6.451903080003820179e-01 -6.021928095808521536e-02 -5.656286172049558580e-02 -1.490404645557793284e+00
2.521395707310481460e-01 2.919384293175061873e-01 -6.962679840566188272e-01 1.955858199361556693e+00 2.757233964317881703e-01 6.719589139946670342e-02 6.257598275703180057e-01 -1.152542888761673323e+00 1.081793815980729989e-01 -1.604571205401325862e-01 -3.588135740278987629e-01 5.759150991730548341e-01 1.821162202264417149e-02 5.642393904022367790e-02 2.215753266385172893e+00
1.015122440077770971e+00 3.430607992332810885e-01 1.207104224465424203e+00 2.152494443787369427e+00 3.741385855590939613e-01 -9.006190390247286182e-01 -4.240887745057829727e-01 4.768383178320753646e-02 1.077273024171503168e+00 -3.072585060998147544e-01 2.744108864468151054e+00 -4.970393789607428503e-01 1.848874368306541616e+00 2.417763955841471246e-01 -9.582052607305859837e-01
-2.990348428057834074e+00 -3.227997941060650189e-01 -1.011817605016930299e+00 9.468008700084346030e-01 1.794270659141394830e-01 -4.907827519268925798e-01 -1.468438402527939279e-01 -1.752921756779844964e+00 1.298584899567628348e+00 -3.930585885579669925e-01 2.879207667288996020e-01 -4.432318776290472551e-01 5.505156173862452151e-01 1.860589641699157859e+00 1.566484380303074797e+00
-3.667807476898572727e-02 -1.876619823061745684e+00 -4.485975181068435069e-01 2.232826616714982837e+00 7.490951150877920295e-01 4.433659677905162355e-01 1.147446686135905614e+00 1.086703859536794603e+00 1.084899119258390998e+00 -6.417426784767618075e-01 4.455774534207335713e-01 -3.976249645973074509e-01 -9.733271397242007072e-01 -4.754954906124083669e-01 -4.465502431128229310e-01
-1.071266314829911526e+00 2.068154851695674701e+00 -2.166246466636428725e+00 -7.540529537508732227e-01 -1.501626080311120104e+00 1.767047563034177260e-01 -1.688293684561796293e-01 -2.692146659207412251e-01 2.803012442064229393e-01 -1.144384250642615175e+00 -1.789779201881419590e-01 1.786339617137985281e+00 -5.114252804420448273e-01 -3.505004634916353834e-01 1.059878480245274035e-01
