-1.686319994121231458e+00 -3.637028264987794452e-04 2.834372086965491477e-01 -1.544361700140794325e+00 -4.348655287769253031e-01 -3.693050826774941231e-01 8.758457412026765532e-01 3.605236767587444713e-01
-5.180244074983069158e-01 9.858209714405482549e-01 3.338191020548053611e-01 6.429370587630824918e-01 -7.264149941741357974e-01 1.494604879650155427e+00 1.297863986424231841e+00 -9.261623451918851169e-01
4.983070263568451508e-01 8.564776773089434192e-01 1.715808291173812172e+00 -3.666216287498425541e-01 -9.683552842584000064e-01 -6.707804208466924267e-01 -9.426415700624669602e-01 4.508953190402025246e-01
2.211677270006197737e+00 -3.090098324818021935e-01 -5.685099083407698650e-01 -5.714675722419283455e-01 1.279114896792378886e+00 2.600325984025014248e-01 -8.411862238989195051e-01 -2.474502931078752591e-02
-2.972121900835158481e-01 6.135789286463650960e-01 1.040326477966500018e+00 -1.445155058629853384e-01 6.454830311425829859e-02 3.362587895086959211e-01 -2.126788115286288028e-01 -5.306305190512898839e-01
-7.483212847381217614e-01 -6.353048334603286218e-01 1.723532362147759400e-01 -1.365224027049148026e+00 5.835398242189834273e-01 -1.411214670220567680e+00 5.767057557671727563e-01 1.809339547629147615e+00
-6.696303408279680180e-02 1.537628711723725283e-01 -1.456148597727371818e+00 -5.058643765628674238e-01 1.010918540936982302e+00 3.650920072394429616e-01 -1.273789212266013049e+00 3.293435875845265315e-01
1.065144133769838186e+00 2.662737949965139194e-03 1.233455250500649969e+00 1.286701776934206176e+00 -1.290651511229796711e+00 -8.954642996199484450e-01 -7.630264817816431178e-01 -1.200291773182395882e+00
-5.896846380489109141e-01 -3.604536105240059296e-01 -1.743826201546858079e-01 1.716005427507751036e-01 -1.343552132565655421e+00 -5.728756376291185282e-01 7.066350954972503429e-01 -4.135776998434336216e-01
-6.577208978345986390e-01 2.040213465442833662e+00 3.361942378001824827e-01 -5.175850339144301149e-01 -1.441581266691608576e+00 -1.184559005139408594e+00 5.479327752632796589e-01 1.025239182020391437e+00
