2.034500017228487723e-01 -4.353084036780455746e-01 -3.681555572495635587e-01 -4.548715946830206858e-01 3.416136288620195693e-01 -5.884904210805493863e-01 -3.313819336898749524e-01 -8.259460157525218005e-01 -1.064937851340892028e+00 5.653085012792935515e-03 7.991075505913354526e-02 -5.632487773681041920e-01 1.829562744450891620e-01 -6.547633615952684893e-01 6.434358191791591519e-01 -9.067059872956568789e-01 1.209754835913455229e-01 1.445552941372212075e-01 -3.712072983654164382e-01 1.286891354724049030e+00
6.455183251138771894e-01 4.334590173553861114e-01 -2.330523440157883930e-01 -8.319603180925642938e-02 -1.596654181717498677e-01 1.928847597728246483e-03 -2.590927306205401681e-01 7.847283577558675782e-01 -1.416120151776230518e+00 -3.249958608188711073e-01 1.662469220353120503e-01 1.942714361996816352e+00 -8.581626639549364000e-02 -9.916478047452073619e-02 9.220158718967081946e-01 -1.682861615366614272e-01 -4.034003199578438115e-01 1.149933950933325760e-01 -4.410695945814059327e-01 1.696499889927326032e+00
6.264705226697673268e-01 5.545657338046814377e-01 -3.126962585555446150e-01 7.486454479875581658e-02 2.150072269715583295e-02 -2.627909767971773336e-01 -3.129587852427692662e-02 5.541548698232761083e-01 4.616688801944264231e-01 5.733410532671333604e-01 8.947288709122652728e-02 3.381544017636074484e-01 5.039371789548292568e-01 7.660227263780874374e-01 7.709887330350250201e-01 5.830598158246392826e-01 4.957009761046322627e-01 4.617861248392068907e-01 8.315665400814720165e-01 5.367523473100870718e-02
1.238198196727081646e-01 1.217668392470558025e+00 -4.970946194281305464e-01 4.423369541997961285e-01 -3.825165654325917153e-01 -7.160755011859130104e-01 2.704758669737003518e-01 1.443544175296898713e+00 1.040625774572649709e+00 -3.978350002156448295e-01 -7.879935130425635981e-01 6.910964163892191481e-01 6.183357435699730065e-01 5.573090101885963543e-01 1.117500401634577090e+00 4.701781154639517873e-02 1.243691162544211803e-01 -3.734068493283032586e-01 2.558113481489595054e-01 -6.827079581308046485e-01
1.165031671723625761e+00 -8.968186422164631244e-02 -3.676649290449975904e-01 -2.249380805482031342e-01 -3.416313013670284615e-01 5.548974231517098676e-01 -3.224112335346501212e-01 -3.152038955904029049e-01 2.329806405512072631e-01 -3.258551943696154640e-01 5.178012800902280777e-01 2.102067745527234521e+00 1.983784349178760176e-01 1.424626316023221984e+00 -1.553371885899022808e-02 6.898999749058678521e-01 1.626387059650254707e-01 2.269148046752842429e-01 -7.856150947008723184e-01 -6.920431737112803239e-02
5.241146747868773437e-01 -4.842256084544452333e-01 1.487938714395508732e+00 -4.365854681867214482e-01 3.169363466502762572e-01 5.643931841567021435e-01 1.030446878508782943e-01 2.740645712782128207e-01 9.390908484029152348e-01 -6.119389202687265383e-01 -1.082708447411087488e-01 2.037668242106809302e+00 3.419810628477475967e-01 4.703183483584270630e-01 1.295056973849621595e+00 1.056680860396581600e+00 5.393456124385888062e-01 -1.418095053836607999e-01 -7.302696300237134786e-01 -3.387650259544509046e-01
2.993607315964162408e-01 8.524678114151662545e-02 -1.332251060807779774e-01 -3.440657629260889805e-01 -5.285147076813051514e-01 2.952197639608137303e-01 -7.562460152246647249e-01 1.101064360265891162e+00 2.951420562847478224e-01 2.622223543094237552e-01 3.776621660004998715e-02 -7.146938447031583319e-01 1.525955646475503358e-01 1.586617452570260989e+00 4.802086719189710418e-01 -9.400625407843241632e-01 2.236000890808358676e-01 1.383359621644341675e-01 1.545868221167427725e+00 2.693082577361348776e-02
-7.960946769429889935e-02 -1.206098265570571204e+00 -8.381748048002850282e-02 -3.193617372725976455e-01 -9.887933871915183248e-02 8.314142887672857363e-01 8.527490168876618315e-02 -3.005626453323372305e-01 1.232328841238527067e-01 3.742095513669185802e-01 -2.150167461984346384e-01 6.648691044068176792e-01 7.485609228358351963e-01 -1.217959171729816159e+00 3.393063805894525053e-02 -5.586378188684382184e-01 -6.213201122421763839e-02 2.228322235432658727e-01 3.508264526590836874e-01 4.611382303842998520e-01
7.607022404097767421e-01 -2.958419830944540307e-01 1.913939661832961270e-01 -8.947417187523726279e-01 -1.602898953021756057e-01 9.530542426689251334e-01 -9.640094899857494515e-02 3.828899268942539957e-01 4.369464892714149951e-01 -8.224915280780138449e-01 2.869915863809083811e-01 -1.888069857341610480e-01 4.221927309780629245e-01 -3.115006230832471079e-01 5.237275771867363483e-01 -4.659786920261903553e-01 6.919865553912285527e-01 6.106271506298505819e-02 1.782130288611022129e-01 -4.776374954138447593e-01
4.816645272142500156e-01 3.955205939898520096e-01 2.392377148883050975e+00 9.318858931235424192e-01 1.133657328439595380e-01 1.440524265101771562e+00 -2.674539014081395161e-01 -3.130038478412078828e-01 1.488397698523628243e+00 -1.226464881058564549e+00 3.641308874246061422e-01 8.281365699861096275e-01 -5.942431031549156861e-01 -5.069406428642656559e-01 6.815240532811569496e-01 -8.087219331189189342e-01 2.833754488217838374e-01 -5.374612289151961542e-02 -6.064485627257414357e-01 -5.375556270592689589e-01
1.466259048649708741e-01 -4.697196378806971495e-01 1.727633426870204061e-02 -3.877549097534417899e-01 -3.554628499964539445e-01 5.943165408930003307e-02 -1.925009065941736264e-01 8.939587977217969827e-01 3.117207119625908240e-01 1.022553182508458169e+00 -2.449552381374935084e-01 3.792415080123411331e-01 7.220255615904066504e-01 -8.338010193573626438e-02 9.658575219421652314e-01 -1.157762431964431404e-01 -4.298862604320624059e-01 5.386782156813799682e-01 6.927515741991590037e-01 -2.038059508063089220e-01
-6.097150499741522262e-02 -1.316110040727582309e+00 6.003684549549936911e-01 1.005438470001801754e+00 1.048831397866501758e-01 3.492556391384956660e-01 1.204491505902188231e-01 -1.359278751425609111e-01 -9.393086624689818143e-01 3.221871784068588429e-01 7.407320960587058245e-01 2.688501528220325731e+00 8.803493703606514453e-02 -6.821878675793315860e-01 2.645455070403441300e-01 -3.363541891987943955e-01 -2.096694136888375692e-01 1.163264198214247237e-02 4.351579325382116253e-02 1.629714103765943223e-01
5.510618783899017270e-01 8.860991821996188067e-01 1.060135743437899736e+00 6.833143096118733384e-01 5.573044059321629051e-01 -2.389372434998631445e-01 -5.717783801883374872e-01 -3.641633051374536523e-01 4.103387263493496473e-01 4.137792131905181359e-01 1.514801171895474585e-01 3.420732350728226123e-01 2.043193573640831040e-01 4.740730156621055791e-01 9.227392529426833301e-01 2.613799520721817315e-01 1.681412692536541492e-02 -1.455003342667314237e-01 1.253583364429338397e-02 1.143624448257311466e+00
9.037191439568772466e-01 -9.102901021640046331e-01 -4.704331200918155514e-02 7.646197995926033893e-03 1.576896670745467077e-01 -4.700355527543131906e-02 -1.292450893644074561e-01 3.478838755938664096e-01 -3.889370590750484413e-01 -9.141556986180790489e-02 -1.892355149965955496e-01 1.856622184664239172e-01 -7.882826643773975517e-02 1.078905838217353530e+00 4.895810497965391028e-01 6.840327694110424073e-01 2.729366431867114584e-01 -2.708228312300138829e-01 -2.685365909806270435e-01 -3.982907365169776059e-01
6.714293560299029462e-01 8.517359541136283463e-01 -7.953308794333654452e-01 7.718425058299586139e-01 -1.315735899215753291e+00 5.852192615609083104e-01 -9.157168741965548975e-02 1.154515024929416933e+00 6.703122592117655154e-01 -1.932653578828832930e-02 9.217757332186832242e-01 -5.695595536930571079e-01 -2.616089249195432953e-01 1.469268804464521683e+00 -8.248104123405149146e-02 -1.101664031947486633e+00 -5.772258314145775060e-01 9.987893070425996056e-02 -3.781795936791044199e-01 8.144023168860115014e-01
-3.393454465631860484e-01 2.208467080526694382e+00 -1.150652898767911131e-01 1.653265631439857636e-02 7.362796783169219816e-01 1.347018836756831206e+00 1.359773256893342941e-01 -3.873248080945678185e-01 -3.207771650034267896e-01 -7.821029268310114579e-01 2.021517474649998231e-02 -2.573537445478539243e-01 9.197160178182396673e-02 -1.345961679564411928e-01 1.564245798356002970e+00 3.932161828864104147e-01 5.854100660532202127e-01 -1.985505864088852324e-01 6.912821258905234301e-02 -6.861520265524224949e-02
8.301090933019911189e-01 5.822403815738862454e-01 2.958427760557779881e-02 -1.041311214850509786e-01 1.120569741454322976e+00 2.366751784134849546e-01 8.178397413916072001e-02 -3.362207962727573052e-01 -4.581978698793918170e-01 -1.464757213984387851e+00 -7.091527626150182506e-01 4.469020286932648967e-01 7.561895324852651035e-01 9.477495798260541227e-01 -2.821603314637776139e-01 -6.372320725532967245e-01 -6.132881397822967928e-01 -1.744700297764097963e-01 -6.864896129917952283e-01 7.738445900342770800e-01
3.369405859039546480e-01 2.795569173189015322e-01 9.208982628184726460e-01 8.082593161128973636e-01 -3.816006269465158085e-01 -1.399264182173976245e-01 -4.666695371955107419e-01 1.857151918842762095e-01 -1.825737125395288374e-01 1.954612326326693739e-01 -3.350371128457976244e-01 8.324099814423268073e-01 -3.926473879394930949e-02 7.996391986575257516e-02 6.690578467801928664e-01 7.658520160302711988e-01 -1.278978070843290960e+00 5.828101791426204548e-02 -3.798621727399367209e-01 1.976220136248116432e+00
-7.329593281230634139e-02 -5.057420154560497982e-01 2.656145499316737268e+00 -5.566301333383378847e-01 2.080569750849141364e-01 -1.561653414147052388e+00 7.534060000066251928e-02 3.465193783387390258e-01 5.625656141232855401e-01 1.096829762831416755e+00 3.393492950283326093e-01 -4.022755572019122150e-01 1.963043864013308826e-01 -2.432300846516545212e-01 5.176472879236453384e-01 -2.419686714766937918e-01 -1.776958012583089164e-01 -6.865228671130748639e-01 -6.155870354041369508e-01 4.089655209891601695e-01
8.891706282062137312e-01 -2.522343467684339327e-02 7.352709462293448295e-02 1.092305629394212108e-01 1.187712298703097025e+00 -8.331327418637712867e-01 2.200540145242839696e-01 6.935750845586455271e-02 7.315497589757543606e-01 -7.178433147026109795e-01 -9.368814419300655061e-01 -3.841152791256903232e-01 4.792471097250677325e-01 -1.095072343203997045e+00 -1.837213186946159704e-01 5.360956477437975320e-02 6.077771250582924001e-01 7.469671673206734752e-01 2.368400515528472361e-01 -4.129428638214613922e-01
4.759199350079703628e-01 2.052726700243362457e-01 -9.077742318081629680e-01 9.180864630932696890e-01 9.298800743465546192e-01 3.057697772244062362e-01 5.142750976530330309e-01 -7.098866180622431798e-01 1.000893482045346339e+00 -3.402776784208836336e-01 2.550895518929498507e-01 1.138180085085822135e+00 -2.690829426830733118e-01 -4.086546255870166511e-01 5.518483835723668740e-01 -3.360282848007525858e-01 4.202289489817933044e-01 -4.496389727769471018e-02 2.191430888771087049e-01 1.023812961602447391e+00
1.315282558840327187e+00 -4.648706610785108273e-02 -5.049541266721395694e-01 3.912361676129723631e-01 -4.306313266710476984e-01 3.960788783915273892e-01 -5.838828356205695291e-01 1.183052334651631288e+00 -1.732770851904405218e-01 5.901570802175670760e-01 4.052469533749284425e-01 1.530626777514254577e+00 -3.792243890554337221e-02 6.137142595728892897e-02 4.721139453181079637e-01 4.156770207294116504e-01 5.366535719677562044e-01 -1.072139269387555771e+00 3.400617275322749822e-01 -4.715735919638017748e-01
7.096491500213268910e-01 -5.533687606950654647e-01 -7.448939066952174892e-01 2.429245149310194363e-01 -5.131673268834358211e-03 -7.372985168299379666e-01 -7.246312770091242195e-01 -4.255306266130475246e-01 4.887273887426884511e-01 4.650599639739468882e-01 4.512401804215561696e-01 1.871259303348912495e-01 2.976282212127986937e-01 -3.351061259970592454e-01 1.190931462325778734e+00 1.417496967258731755e-01 8.205594609431753339e-01 3.424395503058350054e-01 -9.212292485507558304e-01 -5.117726078315559812e-01
-1.693567273998192457e-01 6.882099085250788228e-02 2.756253224663704593e+00 -3.159058050782277416e-01 -7.876517039172710177e-01 4.327617168462495334e-01 3.137727785377436018e-01 4.178648974774787361e-01 9.549530066918650029e-01 8.769207094797074609e-01 4.740845495407940424e-01 2.150842846197879854e-01 -8.327954161064055061e-02 -1.380376134517745934e-01 3.698732578733415211e-01 3.542708577943431969e-01 -5.214037619396208467e-02 -5.972601911494253013e-01 -9.848149312072174144e-01 4.541493451667490966e-01
2.460100873300818114e-01 1.378027129445854371e+00 8.318623778604584684e-01 3.186015431227683797e-02 1.353237701759007205e-01 -9.445552849001204176e-01 5.454555698345731063e-01 1.918689991657963334e-01 -7.706885912491585611e-01 3.400148376124325633e-01 -3.025612679616384582e-01 -1.071063211076493271e+00 -1.795769462786855897e-01 -1.205096769955422698e+00 7.242742383507215775e-01 -1.850445002463415589e-01 1.633350172666652167e-01 7.725861673319429634e-01 -2.454071513401845095e-01 -5.267667711058053870e-01
-9.136724790687984765e-02 -1.571844413768457571e-01 7.257207105402795344e-01 3.241715638943693523e-01 -1.512968044500821452e-01 -4.714302540063027291e-01 -4.744572289534633447e-02 -1.372578737637483448e-01 5.078514377678867708e-01 5.342948555892663709e-01 4.302901083806503491e-01 -3.144175878765301246e-01 4.240860887153790060e-01 9.935750226738692126e-01 -2.938193620340301959e-01 2.176861578983693701e-01 7.792577396894146968e-01 1.642210642233618012e-01 -5.439477625681319317e-01 1.802022368909905470e-01
1.400056160825497720e-01 1.336306344888934960e+00 -1.968031967385963921e-01 7.218520395860498207e-01 8.880879295006728624e-02 4.636098498158083281e-01 3.875604468231443889e-01 3.923770886998694807e-01 9.558576653781470922e-01 -1.034431966645134704e+00 1.622844278082297975e-01 1.956534434562169356e+00 7.248567867007185139e-01 -4.745832081703380556e-01 2.737102563734742922e-01 -7.891456980016594569e-01 -4.994712614194839473e-01 -4.111310994461586654e-01 -1.044157020148667625e+00 2.307306704874761971e-01
-4.118012655359793439e-01 1.394365421362715241e+00 -9.316084954643837346e-01 1.320411416839687213e+00 1.570065587170058397e+00 -1.012519055517810740e+00 -1.112798172725310286e-01 -4.117440746624986270e-01 1.525922679886197564e+00 7.865819772438163993e-01 -1.392772068050615042e-01 7.281850343709282969e-01 2.205608427954462436e-01 -1.228276845455548383e+00 8.988966091305236605e-02 5.498968695616123226e-01 2.246995201144061372e-01 -1.270549494178041805e-01 -5.174492561500547705e-01 2.235527998606181010e-01
5.763771707837903602e-01 1.901364140992328408e-02 4.832051221354397019e-01 -2.311223535591061251e-01 8.851532249323755819e-01 -3.278312173990714506e-01 -2.312883960132607331e-01 -7.469542397156338220e-02 1.724816806769925881e+00 -2.120155272568465255e-01 1.116805479627894504e-01 2.717860236498358395e-01 8.178420635393783555e-02 -1.520400267775738445e+00 2.671192755881344194e-01 -6.405702592745882162e-01 3.344265911318635709e-01 1.020965969741210566e+00 1.312082751591745963e-02 -2.487003431415669152e-01
5.050401779418873388e-02 -7.802337029785627598e-01 -7.457033710107556779e-01 1.925437388258630644e-01 -5.903415292279524662e-01 -4.787610144748278285e-01 -4.353964856378736425e-01 1.605859801403717535e+00 2.419525491337210232e-01 9.215196384488021364e-01 5.491122656978558725e-01 2.292009653525147517e+00 -1.234575368839055942e-01 -6.211318639693927945e-01 1.566337592196996586e-01 -4.102553788138723623e-01 5.682233892864093638e-01 5.014544077565328273e-01 2.755212197144082942e-01 5.317377450552084328e-01
1.715010128213519947e-01 -4.254993041204703785e-01 8.394351502813931498e-01 3.734666872575705399e-01 -7.416184305915830555e-01 -2.018565733047484045e-01 1.236994652243318671e-01 -3.936217622792503867e-01 -1.472209262179352773e+00 -7.065206930778067385e-02 -4.646619647527800434e-01 1.100768844356236453e+00 8.315952075782778730e-02 9.540919598271316304e-02 4.400667689615477274e-01 -5.141193954216609630e-01 1.011142848221367574e+00 -8.460436185258547459e-01 -2.959187539684540735e-01 1.699339885875279288e+00
7.825543191638760498e-02 5.257976482125734652e-01 -1.009358836104097490e+00 -4.604558565482692045e-01 -3.988913510507671734e-01 -1.295598025839105882e-01 -1.461138452295485946e-01 -4.945884579282456284e-01 2.798091970275996543e-01 3.393995026598547460e-01 6.986159491936945187e-01 -9.612754801279990158e-01 6.933835068552717251e-01 -5.940750851060940807e-01 1.304000017364244091e+00 -5.008630795968445071e-01 2.449778241470078610e-01 -2.616639457520233414e-01 -1.305916699292248018e-01 -2.481536321450427962e-01
4.142336780417108649e-02 -1.055986891887665369e+00 2.721924974478777126e-01 9.809531856450366682e-02 7.045269514733963900e-01 -6.129702823216590796e-02 -2.059795407942355827e-01 -2.637195047851531235e-02 7.874476668868184426e-01 -4.999142948960048627e-01 7.858313661222436908e-01 -1.615149449544122762e+00 4.066671187173720448e-01 -1.077452985740846719e-01 -3.666732561701547821e-01 -1.549921926332167521e+00 4.199860885293129065e-01 1.120473420217809712e+00 6.096237635928468679e-01 -8.276758138314073143e-01
4.090573703371647857e-02 7.509301422816214155e-02 2.270326995733051509e-02 1.969055298094583017e-01 6.950737214401928599e-01 -5.053391465503623836e-01 -2.297435906100319947e-01 -4.366608383885396960e-01 -1.619595987869087983e+00 -5.004351877011472549e-01 -4.156348995332213025e-01 3.514397731220024190e-01 3.657534566212769511e-01 -8.021584262491242567e-01 5.717832106089645317e-01 4.377302511962460341e-01 1.670862654365240785e-01 1.147562605592949314e+00 1.943503849050061960e-01 1.261483354493118103e+00
-4.751200036888759276e-02 -3.250755983222198831e-01 5.832977371052067844e-02 6.660037795264781568e-01 9.240762555150250010e-03 -9.955458638754578482e-01 4.166910216364921177e-02 4.413714222988902036e-01 1.908702738052242331e+00 3.837788476131200888e-01 -4.143082355013238960e-01 -3.304931823621011788e-01 -7.427865762971221919e-01 1.029335741613323529e+00 5.321636162833516259e-01 -3.677237502813869852e-01 1.859312607596196321e-01 2.598377089181735933e-01 2.784348386949560272e-02 -1.540394729198800161e-01
3.672527329776718030e-01 5.823690401485425161e-01 6.881267916600503076e-01 3.290084816257149436e-01 -3.221207172871629748e-02 6.872704939776577149e-01 4.453284205866276380e-01 1.506798875947583660e-01 -3.948206903619887465e-01 -1.027006900087684693e+00 8.533225753037529948e-01 -1.796882792147939389e-01 2.693961074015175372e-01 1.690364872090585890e-01 5.393806472003767061e-01 -7.808674610134311855e-01 5.509912090975818133e-01 -1.621253611622873292e+00 5.695300804566035824e-01 9.223764862668919484e-01
3.573169027175445711e-01 -3.769715452262776267e-01 1.129763250770512650e+00 3.307134523031903250e-01 -2.405667211637702863e-01 -9.185086991365838394e-01 -1.006799308278680666e-01 7.094087945208942259e-01 -4.158826312094824340e-01 4.208188022646596194e-01 -3.702843183466652394e-02 1.345204635549316130e+00 -2.666605074588412894e-01 -1.196353099400755182e+00 3.743080444959268616e-01 -1.859354762570194775e-01 -5.785376364733739729e-01 3.245145326148439757e-01 2.793125271527860942e-01 1.203165417733432330e+00
2.405445719090575085e-01 1.569891487222709880e+00 3.077260248209207072e-01 4.081720153269498552e-01 -6.032034692756362837e-01 5.839586237985971984e-01 -3.283556487068731156e-01 -2.984922512682588458e-01 1.322252925226017561e+00 1.883278682032094864e-01 3.993176307372975353e-01 -1.409765084767844234e+00 4.292950526676267975e-01 1.365945775246993676e+00 4.718202860978780791e-03 -4.514386579398089183e-01 1.676397728990408065e-01 1.021201806344369523e+00 -3.758062029400332515e-01 8.077480690697126375e-01
-4.212071417354461556e-01 2.373284932993329654e+00 -9.556698297464109870e-02 -8.818442706690969579e-02 3.608400619197513759e-01 1.245247485746330707e+00 -2.001923279877353967e-01 4.614992129464913218e-01 7.010096147846617276e-01 7.708347873388157190e-01 -1.709855199511509105e-01 -1.255093489895567904e+00 6.858801860112945237e-01 -7.686254326768678091e-02 5.988735545277725780e-01 -2.995465182010534008e-02 3.430899355281787355e-01 -5.624838516502970176e-01 -4.174145321426502853e-01 -1.133130965371074023e-01
-4.655837904582490472e-01 9.275045195343736282e-01 2.797088115421634824e-01 -4.493401479906533047e-01 4.690155496953293257e-01 1.373165535910861212e+00 -1.143224067317978737e-01 4.425531327330253784e-02 5.299918487031805014e-01 1.040320877931045329e+00 -3.322644815140601837e-01 -1.382167926484960951e-01 -1.721233428298355461e-01 5.189570840615518321e-01 1.796254961436140607e-01 -4.478205332887921220e-01 -5.020730666242663176e-01 9.835290633753786260e-02 1.596575292499771148e-01 1.102619948882515022e+00
9.097797077193852111e-01 -5.687311784437544260e-01 -6.113479790564236849e-01 -1.910708675195030570e-01 9.821759658081209432e-01 -1.157309755397550877e+00 -3.587612737301004023e-02 -5.062083959479748430e-01 7.164525845696317896e-01 6.826211525435019745e-01 -6.996751805205565500e-01 5.312678847115361869e-01 6.684925575465289205e-02 8.501990029695053463e-01 5.268767846752789863e-01 -6.574143292772265390e-01 -1.730231788234753154e-01 4.158836559674443101e-01 9.988613665155845478e-01 -5.270769352609844249e-01
-4.501602037160417624e-01 -6.422764574087669320e-01 -8.909512240490812252e-01 5.257251446242665605e-01 -1.814525472890832214e-01 5.249458433372304889e-01 -8.107509685973265934e-02 -2.454594444343413118e-01 1.406245587420268617e+00 2.686497125334303404e-01 -3.747692523448789559e-01 1.561457069842883572e+00 -5.552397712435138688e-01 1.219172436351236621e+00 3.093856517443213140e-03 -8.911571424929155549e-01 -2.624830057044559295e-01 1.147364138590041049e+00 -3.408145893423830119e-01 7.136895405724855146e-02
5.962425361292813392e-02 1.813365761573605128e-01 6.515731509929824083e-01 -1.767135564076650345e-01 -1.533822390032886680e-02 -1.666645628680601607e-02 -7.429682140443288896e-02 1.758399835684207602e-01 -5.155870247220627478e-01 6.098061886076355798e-01 -1.597236262307956400e-01 9.410870684452150581e-01 2.860376624866101461e-02 -5.916074743261592328e-01 -2.810509248470225568e-02 7.431893623183173647e-02 1.437054061290895558e-02 9.916548377830426420e-01 -7.113143486191133569e-01 9.796661354014213341e-01
3.492207296196074839e-01 -8.543157749506953280e-01 -2.815804280263946580e-01 9.727802980176414316e-01 2.314129245951622726e-01 3.735874986916522533e-01 -8.403373865459207170e-02 1.721560895404039004e-01 1.622976515825234278e+00 9.360205531545130742e-03 6.509953590763376541e-01 -5.891205228661359206e-01 -4.758551549579965734e-01 7.480332576913901743e-01 4.414277559428246289e-01 -5.178726294829834043e-01 -2.656957444682052361e-02 4.364899460834634204e-01 1.720100773056298105e-01 1.131967383493170498e+00
6.343930241191251262e-01 1.118242858193710665e-01 -1.479616429734654792e-01 -4.756891786877118222e-01 1.600783227135688991e+00 4.503045908972835853e-01 7.335945997649221395e-01 1.542431085480271136e-01 -4.052737315572343402e-01 8.295522160646818799e-01 1.178453479162979017e-01 -1.536493506932401276e+00 4.502093705849269378e-01 -1.391021140077399521e+00 1.846917468701851639e-02 -2.710678416744004005e-01 -6.713219627115001309e-01 9.535651962239393153e-01 2.733222931638731312e-01 3.434576667544081974e-01
-3.817399898620768561e-01 2.908019153292592529e-01 -1.026958224806444053e-01 2.291871971759552873e-01 4.004442408378031115e-01 -1.159516842154403760e+00 -1.138344808757850574e-01 8.574337485757804744e-02 1.683424166088405283e+00 1.304593753363686992e-01 -4.040505809506654833e-01 -4.361424103656824647e-01 1.085368194162958794e-01 -5.935137163389159198e-01 1.482006604472180467e+00 -4.776966227492904782e-01 3.863326516055730075e-01 2.910755271385881415e-01 5.222904630311864249e-01 -2.640430129773838064e-01
-8.071851019226694568e-01 1.581608304043782054e+00 8.484832011918135297e-01 6.032225189171681601e-01 -7.517063302258931712e-01 -1.731433130888639094e-01 1.923830192505981140e-01 -2.398438443836546641e-01 3.539241562796682228e-01 -1.242363479138653692e-01 1.233980861253499012e-01 1.152217823134596086e+00 4.781534628087152350e-01 2.084151399144311412e-01 -1.162632089137783375e-01 -4.243122968638007309e-01 -5.404781080475884458e-01 -2.315477517278938680e-03 1.294110440015668440e+00 2.305454020027287443e-01
3.259733809796021564e-01 7.704819260566201367e-01 5.908490899583997980e-01 4.426785000193130259e-01 -3.456950865242456872e-01 1.505731635836951021e-01 4.098046791192074823e-01 4.576908186625598673e-02 -1.838972863371048705e+00 1.232869135977574304e+00 -3.319087299953067671e-02 6.282558898257921687e-01 1.854569233086215962e-01 -7.086070476175031496e-01 -3.655122865472625326e-01 -6.839534273146021803e-01 6.387835730263391465e-01 6.326841980165603951e-01 -1.966160498558300884e-01 5.307250357402959473e-02
9.075236657312375499e-01 6.820542955499725446e-02 4.381141631782549117e-01 7.488359080978501670e-02 -4.412047793268210061e-01 1.149341236352762136e-03 1.825801448125419779e-01 -4.341532278794014155e-01 1.010664121024424933e+00 1.573471250981834102e-01 -1.119971566243901817e+00 4.730059851493041978e-01 6.752804875363493942e-01 -1.907371419220277586e-01 1.002757196202809009e+00 -3.112155465724855685e-01 2.506697579173156054e-01 -2.441215754714105013e-01 2.817069093643282951e-01 1.860825427650972252e-01
2.854651827920596796e-01 1.598054360834385346e+00 1.079780394535813537e+00 -6.804656959602617405e-01 4.977689187613698607e-01 -1.145503321957122012e+00 5.453575223245114012e-01 -6.854881149863156775e-02 -5.901106429858055114e-01 5.560869871405741405e-01 -4.224976510665954255e-01 -2.533233962549435336e+00 -5.801877107580153403e-01 -1.153933307687287524e+00 7.601833616093008894e-01 -2.501119911770938523e-02 -1.590492820207217162e-01 6.500097405628976199e-01 -1.238653530731672753e-01 -3.589903954472567493e-01
1.841440181710344293e-01 6.012924439290862066e-01 -3.424595616212219168e-02 1.066954653369534656e+00 -1.836644015393082141e-01 8.604336065830975322e-01 -2.506712782797115291e-01 9.816830688417142736e-02 1.803406430714630693e+00 -6.321005746276709969e-01 5.573597759445485245e-02 4.625392213804625507e-01 -1.198518089275197179e-01 6.802834160873675318e-01 6.006926950896208650e-01 -2.464482836376474251e-01 -3.871106493716823249e-01 4.153656367205680322e-01 7.447742710567015756e-01 8.892169644885247193e-01
1.036325343912660513e+00 -2.933264970782894498e-01 4.030504504498014229e-01 -6.434017542045245008e-01 1.744488312940711827e-01 -2.507955715763773852e-01 -2.723998486721786461e-01 -1.406517772774406316e-01 1.323854591571885786e-01 -2.450715055508027873e-01 1.280248978318368654e-02 -5.767030898387534021e-01 5.220334265540111929e-01 -1.675423634902090952e-01 8.038014267914238564e-01 4.851728019551406756e-01 6.627401833083332305e-02 6.187549535615821661e-01 1.803668088735279895e-01 -2.441654616417350265e-01
4.759354511631316842e-01 -6.446631265006863565e-01 2.068491934949737987e-01 6.925609754725962908e-02 -1.365095639016654094e-01 -1.318024793835126385e-01 -9.667456823353851036e-02 -3.176780508511213574e-02 7.613204806193241136e-01 5.717620728768167959e-01 -4.729012067369648548e-02 1.139387675904685038e+00 -2.582450707233899800e-01 -6.892827045457110557e-01 4.624259110573026854e-01 3.192545319622107358e-02 1.628832420089185440e-01 4.447962157388006821e-01 1.834512387033810366e-01 1.431451845316617622e+00
-7.946346601681016919e-01 -1.135607777554148656e+00 7.659505624404856494e-01 -1.178106435443757455e-01 -9.808213175046207044e-02 -5.409434058599380535e-01 2.556200616656827962e-01 7.426180700208192542e-01 5.772500819370514069e-01 -4.121663098837403671e-01 -1.878321408537931836e-01 5.188176762252143526e-01 8.755534780370106684e-01 6.017037815716299587e-01 -3.996130443314936387e-01 -8.787972912470710662e-01 -1.363693034230740064e+00 2.115379762405989184e-01 3.673459197421649058e-01 8.522097291280437137e-01
6.128362979384257558e-01 3.181822159057349358e-02 -3.407102788820590700e-01 -1.751299709190426990e-01 7.968472347762759478e-01 -3.564341200210587868e-01 -1.784574247379352441e-01 -5.460465954535956845e-01 -3.786267202148825839e-01 8.179320734874295784e-01 6.994727227298838668e-02 7.162277724317098748e-01 -3.623921367700051466e-01 5.387360126874458643e-01 4.351867484456530821e-01 -3.514256094189135982e-01 4.095686686645406138e-01 -4.439644032237430316e-01 5.579316354498919939e-01 1.406731511185715044e+00
6.614845201062046209e-01 -1.912177837880421893e-01 -5.875797474061773551e-01 3.906983094123878675e-01 1.923573456099074708e-01 8.649960822422728679e-01 7.189264679812770731e-02 -2.912541169086136916e-01 -1.862746295447760825e-01 4.108413848943039404e-01 8.332404167521513527e-02 2.241766779730028691e+00 -6.910049976397789617e-01 -8.824650857872719245e-02 4.531442407765750580e-01 6.991705816092279313e-02 -8.195358145514355375e-01 2.632466563884570676e-01 -3.150229596992660808e-01 1.964375921887135057e+00
1.441381436905998237e-01 1.027553130912217672e+00 -3.309344750385463940e-01 -1.877016619691625476e-01 8.572819902221878730e-01 -2.728928420811213007e-01 1.329213884483028130e-01 3.360720496782018119e-01 2.462907557586720753e+00 -9.346634952454110357e-01 -8.672804328220832248e-01 5.269764606717390887e-01 -2.918167754134922895e-02 -5.748910881185064214e-01 -1.536414244374668253e-02 -1.177260479331170950e+00 5.695428383534770558e-03 3.585302488986313318e-01 3.955609988920583131e-01 -5.928390603164132022e-01
-1.103242193452708408e-01 4.145280674159109724e-01 5.464909231606517315e-01 6.430847884040198359e-01 1.412897297467243796e-01 1.266988794494201764e+00 -1.309341466801374476e-01 1.517265572207350810e-01 1.309842134510501577e+00 3.422125519507533409e-01 7.087576800840582614e-01 -2.688059044534008013e+00 3.215145437871697043e-01 -6.534616392640188627e-03 8.049125122845235403e-01 6.716584271118010152e-01 -2.835832748176064094e-02 1.527051874871867554e+00 -2.375894547579966709e-01 8.838848052393177834e-01
8.888448392536001386e-01 -1.292101907481010559e-01 -3.522972088584171990e-01 -6.020480986073705187e-01 3.942978777925466582e-01 1.854191740329570182e-01 7.514434326902125205e-02 -3.696113692524074512e-01 -1.247604052828824028e-01 -3.697927554973760023e-01 -3.980575844862241919e-01 -2.468417185545883186e+00 1.682574424441288241e-01 4.423940974302080775e-01 2.044139568430848597e-01 2.369925887931237096e-01 -2.562609697722878846e-02 9.964307978673129229e-01 2.218626978211292178e-01 -6.433596378221159151e-01
2.784627918976114724e-01 -8.468290662266203528e-01 1.536537562477992891e+00 -5.357828676071060281e-01 6.784216870459631732e-01 -1.458820009107918647e+00 1.949402957648593282e-01 -5.034200460155713319e-01 1.457958780612114591e+00 3.350854355800579887e-01 -4.885238529842753641e-01 9.243188188875330891e-01 2.692167616122087548e-01 1.246881877695025453e+00 4.114227527723394173e-01 -2.739505732619655909e-01 -4.971189872722523995e-01 3.349061532506748540e-01 4.347285825079799104e-01 4.764206038303903795e-02
2.269520947648490383e-01 -1.864184939423714216e+00 1.317994075560843692e+00 6.070758834206633203e-01 -6.248638165752350426e-01 -5.981330473003181325e-01 1.172746175999996726e-01 9.955159800129073089e-01 -1.099205718023631206e+00 3.960661104102737307e-01 -2.007228049303491635e-01 7.324494555345694158e-01 2.703304184260531436e-03 1.392883174929086643e+00 3.522187338742379659e-01 -5.489898083444916255e-01 -9.980564675626678595e-01 -1.377227876320276032e-02 -1.011262223015255840e-01 1.719749249685751102e-01
1.131252613044430450e-01 2.756345052076876190e-01 4.331575697388554413e-01 -2.542010706527269570e-01 9.711228997256456941e-01 -3.165669483849751220e-01 -4.266500452111187669e-01 2.577101108268476382e-01 -4.871833000385036305e-01 -5.312427679790705515e-01 -5.370920979301323506e-01 4.425216083706808301e-01 -1.414352244664065505e-01 -1.738474086053411805e+00 2.614981062616140717e-01 -6.827612931080965231e-01 5.731517556041472172e-01 4.382609052515368808e-01 4.251325946287205504e-01 8.945102823843298356e-01
6.166310492877761229e-01 -1.817766205070027730e-01 9.563576799336046541e-01 -3.147586057181580022e-01 8.643805425655895491e-02 8.152573181237139366e-01 -2.107479666988552880e-01 5.573511316538359850e-02 1.787698096835591277e-01 9.509172841212095717e-01 4.493185324145871490e-02 5.532699178979820775e-01 8.743714884542452825e-01 -1.172232672569247791e+00 1.855395705947309459e-01 -2.539068266302757851e-02 5.132429102853159897e-01 9.855079036348517174e-02 -7.288830268198513984e-01 -4.496683114056561625e-01
1.869510256926288916e-01 -3.088756843792411222e-01 8.035188968992048597e-01 1.717054461995698444e-01 3.981606454917169802e-01 -5.453646666632822049e-01 6.194619268345324947e-01 -1.012627979085132662e-01 -1.506068877027140651e+00 3.001467667600852818e-01 4.045931300026176514e-01 -1.182697592763742644e+00 -2.372299587702173806e-01 5.918173028395891100e-01 9.297280757715326027e-01 -2.961591219873117575e-01 -1.031793065644053126e-01 1.572244561417374398e-01 -1.987700491862749441e-01 -5.913991702442445986e-01
-2.393204589890199352e-01 2.017538692706878578e+00 -1.459605669330416244e+00 3.577546591604997550e-01 -1.131587289374206717e+00 9.245295370639733390e-01 -8.963848412454802905e-02 -5.472408860358568246e-04 1.037805881233448302e+00 -5.187734102210912468e-01 -5.503430922912471157e-01 3.033306741651481397e-01 5.117896734673031967e-01 4.787177869808166841e-01 1.542646827674731824e+00 -1.917933479252574569e-02 2.705691278189770177e-01 3.680441868326642108e-02 3.328880822208193924e-01 -4.311546488963807766e-02
-2.139968838931870787e-01 3.979931972256781636e-01 6.762535171426402592e-01 -4.964474198856940190e-01 2.553306543166241616e-01 1.364430900943796487e+00 1.267466639266290607e-01 6.618834477199954380e-02 1.173908634196824563e+00 1.021851908396125719e+00 1.083467591474018832e-02 -1.671659887320553262e+00 1.389119827761922943e-01 1.745189395165226642e+00 -3.926552785690463065e-01 -2.162877981218360168e-01 1.266169356154702164e-01 7.243380418190364933e-01 4.184956068571851762e-02 -6.658098663021290442e-02
9.078728455300208999e-01 -2.119335175226807200e-01 2.427468305060834219e-01 -8.243686081576646618e-01 4.214265619145048380e-01 1.309252469523595641e+00 4.411239209790281945e-01 -3.814755541911275805e-02 1.907459360482941957e+00 8.704642329521311561e-01 -5.482297274799835529e-01 -9.501296102917984321e-01 -2.902030433129003106e-01 -8.487368384539785149e-01 1.185967237245418415e+00 5.320920550611254463e-01 -3.690913267757237048e-01 -1.651681195419810178e-01 1.565870340516048453e-01 2.909754262284741655e-01
5.208340574556258318e-01 1.258441325707735370e+00 2.796889634244122402e-01 -5.971476290447695900e-01 1.057332988499894766e+00 8.824212748398592432e-02 -1.969535836282960140e-01 4.034923405561227638e-01 -1.557134800836986965e+00 -1.042066425243618755e-01 -1.639693020039944549e-01 -9.348778761336695720e-01 2.322480402319253012e-01 9.018964532931268430e-01 3.833386427205612290e-01 -1.912470510411374280e-01 9.196124924409490031e-01 -4.134357805527089647e-01 -1.242885294990044576e-01 7.931627939963102891e-01
1.652079667874186419e-01 -5.935558696103290233e-01 -6.047659087875073558e-01 -1.877724738215891531e-01 -5.094932560201564931e-01 -4.559759641001329689e-01 2.552827161041582582e-01 1.200962203837376840e-01 1.538779560326089868e+00 -1.342775031672390096e+00 -8.727745361796145351e-01 2.151346625833443937e+00 3.962255255770466000e-01 -4.922599257361628955e-01 5.031304387321806626e-01 3.382950652638280244e-03 1.175555606393188235e+00 6.440040595094218556e-01 2.150636492952563150e-01 1.345934995176186755e-01
-5.561963945988409631e-03 -8.131519329855282363e-01 -8.664337624596396559e-01 -1.096010306209229263e-01 5.260763023971289920e-01 -1.367443609482091427e+00 3.390743657925647803e-01 -3.567079885449777610e-01 1.585704054001958241e+00 5.371250771632105625e-01 1.471375604639316680e-02 1.787754346008984196e+00 5.496970171713044112e-02 4.156614271210296030e-01 7.993862304575288791e-01 -2.129560976191132993e-01 -5.075099853268070227e-01 9.700239431365054177e-01 6.369719671385390240e-03 1.115664848883423099e+00
1.081770857663976876e-01 1.244512690744760341e+00 -5.999070799968696521e-01 6.762599197336781331e-02 -3.279197125321350881e-01 7.625787119110982726e-01 -8.186910787912025922e-02 -1.597886454311361337e-01 -6.235732447132560224e-02 1.064329793634901433e+00 -2.748499645828206273e-01 1.919380072387014913e+00 4.442244714892983337e-01 -6.130929153062993769e-02 2.436642042009158349e-01 -1.427861463477159143e-01 -1.463770670715989486e-01 2.979788832780403962e-01 4.500624298299674697e-01 1.438900307866058381e-01
4.611295546112195720e-01 -2.188809255954541344e-01 6.871310219498424354e-01 2.142426320314548827e-01 4.134335790608406613e-01 -9.635864978109702772e-01 3.195317007514953955e-01 2.676879477738857219e-02 4.849186184480495654e-01 8.184710344273079530e-01 1.885306682468905204e-01 1.617505756914053849e-01 -9.580351313022369419e-01 9.943649463230550545e-01 6.292169418166262407e-01 -1.024123570681650941e+00 1.910810760864354307e-01 4.715404349969110620e-01 -4.899368187759721160e-01 -6.733445765304704178e-01
2.770294613506778525e-01 4.716386641308509958e-02 7.539454471764286403e-01 9.739084587782318447e-01 5.401519195182862276e-01 7.564180199251195891e-01 2.512527085988594533e-01 1.277647575959509063e-01 5.693150702449012446e-01 1.063783082070996588e+00 -2.504656439868152562e-01 2.970465843246009818e+00 2.730789347747187082e-02 8.229998631460233095e-05 4.411974822514945771e-01 -1.210013860941275832e-01 -3.025011669729502084e-01 -2.643223970774998821e-01 1.099116023994324509e+00 5.296761156528482228e-01
3.139501479361085923e-01 8.028710653182116186e-01 -3.923775996620926243e-01 6.500974204884165664e-01 1.000374447647968790e+00 2.344064986173522436e-01 -3.081740369505657773e-01 7.870861160698866543e-02 2.462802027439759955e-01 -1.057154408851135458e-01 -5.278271325745474002e-02 8.927988887588091949e-01 -2.734019188839696413e-01 -8.065942438783136881e-01 5.940757620739313127e-01 1.173714613129193257e-01 1.249006767609776025e+00 -1.980598690138790086e-01 1.598436494782941475e+00 9.673988212666205788e-01
5.024943256951719395e-01 1.966927400038710472e+00 8.551965124588183365e-01 -4.677828277355783326e-01 -5.905942088042036991e-02 1.239827514073651993e-01 4.689241306471081394e-01 8.748013587946903424e-01 -5.023919312903504242e-01 -6.218096963168963098e-01 -9.293786315813092891e-01 -1.593783814509541541e+00 -3.746981834652601817e-01 -1.612184030781951050e+00 5.176997213401058895e-01 -4.372796594771828915e-01 -3.284646148753115891e-01 8.720604820975583760e-01 -7.462782920030593958e-01 -6.586456001987811559e-01
3.598856896138202255e-01 -6.350616079865709640e-01 6.323136619605859154e-01 5.181079545680313814e-01 4.621114040746888141e-01 8.353947280116718055e-01 6.163372536126266073e-03 1.763659389571797242e-01 -1.082004709385740782e+00 1.310597231436817056e+00 4.047177784659405919e-01 -2.448535599686285202e+00 4.515141326763965623e-01 5.463127355241921279e-01 1.590993917147632275e-01 1.157969770089833261e+00 4.738573158270715374e-02 7.603989490640371551e-01 -1.714641615955618537e-01 1.146314236367130146e+00
-6.088563588668961524e-01 -4.411375176496525330e-01 -1.022523168920933534e-01 -5.323953205814015988e-01 -4.814054643749642731e-02 -7.893443036232352661e-01 9.852696350969641914e-02 -8.512710367828552060e-01 1.425085229827223854e+00 1.363186306491358801e-01 1.440010330698948127e-01 7.591398782628216990e-01 1.853912921774735975e-02 -6.943399085865066267e-01 1.694564816122637207e+00 -5.366327556247338371e-02 -7.953207367337117306e-01 3.472025244129515187e-01 7.139456767739201792e-01 6.974305451611917395e-02
5.807049360170082331e-01 6.801453288321134272e-01 9.872357940848224267e-01 7.796640642115787445e-01 1.787072420939300466e-01 -4.337280331570999570e-01 6.537000808091893989e-01 -1.440086549348267020e-01 -6.001509372178135404e-01 2.605881646212411251e-01 -1.259561574771178305e-01 2.814758320530120761e-01 -4.387296459934257875e-01 4.840340293916338688e-01 7.264211146732604263e-01 -2.879938982361616162e-01 -4.753418218337167045e-01 4.337916206848774214e-01 -4.242460493747871042e-01 -5.911157718583500698e-01
2.016567840706262049e-01 -1.281691370446501388e+00 -8.917213082620968345e-01 3.341859370881198332e-01 8.181563756679957056e-01 -4.210050385752371338e-01 -8.883647403452780977e-02 -9.028585137390354731e-02 2.181452073132355562e-01 -5.783435092477851036e-01 -3.473261379270059512e-01 3.027249526994160167e+00 -1.423162194270808853e-02 -1.049628728793887134e-01 -1.625158183429491476e-01 -6.273459022092712223e-01 -3.546164334735291829e-02 4.934971107641756283e-01 -1.583288411148262298e-01 3.733795220533437931e-01
-1.576129577856779165e-02 9.828078919299336746e-01 6.990151111057276712e-01 -3.253501719675402359e-01 9.837923229418582549e-01 -4.558845424222271459e-01 -4.667598192495595044e-01 4.680313427883003863e-01 4.516679633115499581e-01 5.994134137533660978e-01 5.675665596913028743e-01 2.841563541424477757e-01 5.649328606644843376e-01 -1.295247125712989389e+00 -3.138386081932770244e-01 -3.104266981359837252e-01 1.975875675472460735e-01 6.410211243385814939e-01 5.132153465659429203e-01 1.079938611523593384e+00
9.026298192135437382e-02 1.460402798897572740e+00 4.412897537330349729e-01 -1.240546428329061035e+00 7.973884403884838878e-01 -4.773193139603774671e-01 4.088604389082897000e-03 -7.738277241738143741e-02 -6.977686789053043348e-02 -2.858600410812933146e-01 -9.049739020065940276e-02 -1.815900223602388008e-01 5.548543239805886484e-01 -8.129536740468403799e-01 7.717227798589643140e-01 -2.526773403502883264e-01 1.979804222784045942e-01 -1.081287198855812766e-02 7.872215689835856400e-01 -2.103432604122675298e-01
1.050920876695665418e-01 9.507795824393603379e-01 -1.802508223282244231e-03 -4.789195443176857275e-02 7.015568016930299189e-01 -9.525618565354752043e-01 -4.293509761257716661e-01 -7.591100621689597094e-01 -4.053829719449469349e-01 -1.009281495296808911e-01 -2.000379625311956844e-01 -2.322099655551194408e-01 -1.282992723691056824e-01 2.240901639521537467e-02 3.082317534146101351e-02 -7.867740318723046578e-01 -3.888821515193368605e-01 5.496716962137976337e-01 -1.324716126116108228e+00 1.681993720546008042e+00
1.072694363216234459e+00 3.690273362943297109e-01 5.176025086632880801e-02 -5.484063490943629215e-01 1.051816200611784602e+00 -1.098811309320470109e+00 -2.404854329943790503e-01 -1.633368791669725373e-01 9.762049178760472401e-01 7.105990377313744499e-01 3.399295264855377030e-01 2.136050280942558277e-01 -4.757546859496006864e-01 3.082819037836416753e-01 7.767226424445046185e-01 -1.494464945877023165e-01 2.686121025733173018e-01 6.234416519540720431e-02 -9.289819694841314757e-01 9.170119999497136631e-02
-3.355670397729896837e-01 1.205913971416812088e-03 1.036195508134799770e+00 1.129537946817343208e+00 4.696633821598778513e-01 5.309072977630737711e-01 -4.073992968195263575e-01 2.839147724288966224e-01 -1.009821384632123120e+00 9.633279276152089121e-01 -6.819565782203249604e-01 6.341499842995733383e-02 -4.101067125254342360e-01 -5.423610032517295343e-01 6.602888062502969557e-01 4.244277595155743904e-02 4.117408044503829967e-02 1.043103906977656953e-02 -4.933996116619991934e-01 2.407465670377011424e-01
1.805974301950880323e-01 4.848606508141364291e-01 7.976332838168712636e-01 1.720429656327737922e+00 4.011487179301067019e-01 -5.521425917458919752e-01 -3.405580133084179506e-01 6.258090790245037782e-01 -1.638812183209881201e-01 -2.694153504839880489e-02 1.399805899995407166e-01 -1.020507954041385140e-01 -4.306361633270573003e-02 1.300983943718722724e+00 8.752655927065338126e-01 -9.993954919476580323e-02 -3.540820479094202722e-01 3.145779479698287279e-02 -4.786295802442377609e-03 -3.758153797568214438e-01
-2.926625169919681024e-01 4.778184055771931837e-01 -9.781915253335564664e-01 -6.468137658736405893e-02 9.347123770090648431e-02 1.141827364130868716e+00 -2.907421499496579687e-01 4.345030695737981535e-02 -2.941983676087583585e-02 3.938291172237688431e-01 -5.168957230378457002e-01 1.738482428112230638e+00 5.088036661123503945e-01 6.219087406117340677e-01 1.513713073918208973e+00 1.121671790220111625e-01 -9.219343076962916994e-01 -1.233808643385050585e+00 6.050541243174668571e-01 -6.708445562140898932e-01
4.181020317165387024e-01 7.264260173247720775e-01 -4.755680697279663360e-01 2.155461958424849667e-01 7.960018974800803226e-01 -7.429236806678937710e-02 -2.527105758468039531e-01 -3.109089925488330852e-01 2.689810981444748506e-01 5.127040296797251706e-01 -2.064608662701025443e-01 -6.561050079205255070e-01 6.639332030139264429e-01 8.448031990578470651e-01 1.118951237020082035e+00 -3.295498036679074261e-01 -3.913528482772589134e-01 -6.993112036855321234e-01 4.314591400970776425e-01 -4.835228830707229142e-02
1.059617453397252218e+00 -6.895736082333918660e-01 9.467176782505183352e-01 2.548644488029076782e-02 1.414819770400530530e-01 -2.089103172067466041e-01 6.372652052793954455e-03 9.845344070598837094e-01 6.084518048259959233e-01 3.078556878932363072e-01 9.282524838171707371e-01 1.568348900709861660e+00 2.153743488037002940e-01 -9.819285166780984397e-01 4.551668570779732192e-01 -8.098919829994012387e-01 -2.536573266720666964e-01 -5.775685681099200774e-01 -6.818597613081319730e-01 1.003667090684917385e-01
5.747555468655504152e-01 8.912698673375285541e-01 -3.605611539163271484e-01 -9.427543524119559315e-01 -2.452585596326546657e-01 -5.176973791257414304e-01 -3.788257867895796216e-01 3.778744539601360808e-01 -7.965919601938777905e-01 5.670786431689376350e-01 4.287944588463106776e-01 1.307551235633797937e+00 -1.236008590252726663e-01 1.864507093349915545e-01 6.765330465691873352e-01 -4.895125258143632196e-01 1.915058430651570276e-01 -5.150098010003484328e-01 6.517972742414451792e-01 8.555298287682606695e-01
-2.064881354885969855e-01 -3.755379374145758065e-01 -3.702631242524678790e-01 -2.554178526887038170e-01 1.876677251935497670e-01 -6.587538996466429930e-02 4.373914879036335801e-01 7.701491311703217990e-01 -7.298591287059792432e-01 1.114064988975342063e-01 4.181388006925367828e-01 -1.384364318811075245e+00 -7.581471972965106443e-02 -1.602184978257098491e-01 1.202953365037928490e+00 1.218835950319766687e-01 6.193021985094514514e-01 2.379784086275950339e-01 2.514535877080620319e-01 5.913501267586980248e-01
4.524549368822231021e-01 -5.179461708787936880e-01 -1.293251159057193511e-01 8.633551623237815109e-01 4.638893669610563153e-01 9.515643203834065478e-01 4.197863180397891636e-01 -5.508635845904408246e-01 2.217252343764579692e-01 3.294513159294299998e-01 -8.644404477941164400e-01 1.576404154256888068e+00 5.763522068817641397e-01 1.056364252491159617e+00 -5.351859347748429141e-02 2.927674730139016024e-01 1.545122677008803303e-03 1.199326435405201563e+00 1.628734560712863655e-01 3.670138116793075778e-01
-1.141858590133422724e-01 1.967633747963112301e+00 8.873561061596386690e-01 2.994912152666349137e-01 -6.779588164957920382e-01 -7.999217265607795335e-01 -2.173429830494226778e-01 -4.422687288177605813e-01 5.826329453733848363e-01 8.711167904939840639e-03 1.374500373642442153e-01 4.509449756982817803e+00 5.575441894673098531e-02 3.518187294658989828e-01 4.723253306534729301e-01 -2.378329497830838912e-01 2.419123065149088037e-01 2.568296869995742582e-01 3.997967129718084101e-01 -7.663684067545688539e-01
1.078511656756844933e-01 -1.411175268672504868e-01 1.332761686062476469e+00 -1.486470617611653500e-01 5.184770579097393028e-01 -4.857533621777517241e-01 2.934210786931180093e-01 -6.207345181540840917e-01 -9.818398081197757810e-01 4.254216705636181817e-01 2.260372997172884202e-01 3.075086048485340395e+00 -1.470033819058164104e-01 5.703625176136617458e-01 2.906470590890271044e-01 -8.461358375454828273e-01 7.894754767826536734e-02 3.123205045809256397e-01 1.150596195641206271e-02 -7.080901475316510041e-01
5.294390733113663733e-02 -1.857731183754481874e+00 3.425921850442583683e-01 -1.356131627083717872e-01 3.201795545977265123e-01 -1.028072814700109694e+00 5.050644682679308328e-01 8.645471212682411810e-01 1.243823819966930894e-01 3.735930818067901282e-01 -1.843386242489351290e-01 -6.277385030045559144e-01 5.622409677854136589e-01 6.692914645626530934e-01 -1.272400106330590086e-01 -5.577658253386449383e-01 -2.495501598039830404e-01 -5.076619274916488456e-01 6.256914429231522634e-01 7.835846486476327755e-01
5.177836801586640503e-01 1.866102055056589881e+00 1.024662440842752265e+00 -5.326231827682677000e-01 1.688738569188589445e+00 8.028439152496885667e-01 -4.103950011550706184e-02 2.523283952389083207e-01 -1.161412165245790273e+00 -1.940729194645847977e-01 -5.287138571761554884e-01 6.118687058437337623e-01 4.000069333167858288e-01 -4.400147044320806278e-01 -4.040306095758967597e-01 1.824623828761982036e-01 -5.667145128018004074e-01 2.552780590575519648e-01 -1.667702517102780391e-01 -6.917226510829981023e-02
-4.158263055473079284e-01 -1.197182308253091021e+00 1.263934370504552707e+00 -7.367002534207710562e-01 1.143823294085418441e-01 -4.998673743540036907e-01 1.671863466415459964e-01 1.417765509893312403e+00 1.818089355375469340e+00 3.338692664058438564e-01 -9.853101444701141132e-01 -1.327089941800934314e+00 2.028910289207097248e-02 1.551746174163983749e+00 2.892144961847957219e-01 -2.894241981722004420e-01 5.470231311678519504e-01 -4.420080465635914391e-01 5.823708193297014724e-01 2.904768208881566838e-01
3.020846279697627645e-01 2.234788868927193306e+00 -3.787591280171877517e-01 -7.854924711425763650e-01 3.023448554720415543e-02 2.806212412457740335e-01 4.619443579193597271e-01 -8.935552631967430548e-02 -5.709379746789504662e-01 7.156493904707688092e-01 -5.175258411692090776e-01 -9.290971407980269658e-01 4.835622189066857701e-01 -1.230313662403907715e+00 4.810888504542169541e-01 -3.707246516134424241e-01 -3.179372807163564074e-01 2.126429681487687073e-01 7.482059762236816791e-01 3.448970904209213151e-01
-2.937442392154714366e-01 -5.124945102095758154e-01 1.790554960275692276e+00 -8.780836224291682646e-01 2.344205056011617605e-01 -7.349137944720101068e-01 5.000142458782776966e-01 3.648416452271860955e-01 -8.706609415787545103e-01 1.405616583581872914e-01 3.038853415673528069e-01 1.452475376969649123e-01 1.275364425161486237e-02 4.367047921582921377e-02 9.003585820748856161e-01 8.997655290205119893e-02 3.362051758583995409e-01 4.658083894665254188e-01 -5.470384938721218476e-02 -6.479496774970775475e-01
-5.900712191076173951e-01 1.078009777155736898e-01 4.786610317936466630e-01 -2.292010868841161397e-01 -6.343128518319118836e-02 -6.199655385291544946e-02 -3.816353460934253372e-02 -4.988898533590912371e-02 -9.613457548632896588e-01 3.673381478167184883e-02 6.398392015743472605e-01 -3.660299929832474541e-01 8.099172880059951618e-01 -4.835026554884637173e-01 5.529749308963260307e-02 -9.384866779603611153e-01 3.815408583160574962e-01 -1.537794513208867730e-01 1.075718433727818335e-01 -6.926894710871404903e-02
4.654909276852879918e-01 -1.220651005920329046e+00 -7.647707994461515613e-01 9.603394619560886580e-01 8.894080712260578059e-01 -4.536801492597064556e-01 -4.389986977357292208e-02 -9.077773270116079596e-02 3.609869476557425738e-01 -9.303279375763491565e-02 3.741623767398605804e-01 1.319888776522827323e+00 7.341612479036564443e-01 6.173385165355650406e-01 -2.061160065831861565e-01 -8.450962053332324864e-01 -1.204642568251351187e-01 2.838228136977150040e-01 -5.660026771898858389e-01 6.024745045154937806e-01
-9.633494170691792036e-02 2.106054691689949465e-01 2.812835854589400553e-01 8.581580068975109832e-01 -6.254474884827719849e-01 6.389175450499913200e-01 -9.771493093073940067e-03 1.074804722759012954e+00 -1.835190377588106658e+00 -6.069715287793765457e-01 -3.760513706344923435e-01 2.288355188013044383e+00 -2.734735021206162187e-01 -7.829722043036859702e-01 6.623666696023238210e-01 -5.428973263472012256e-01 1.589758551735041131e-02 -8.823764909048902039e-02 6.773445294538567030e-01 5.779261394855526035e-01
1.312316380428357465e-01 -9.136584964885456905e-01 -6.512828752053662074e-01 -5.481029380154178732e-01 -4.146524804501510175e-01 1.893668045415122514e-01 3.192752817696397488e-02 -1.975867144730890645e-01 -9.937927519925563447e-01 5.190655342831801411e-01 4.603146466985142543e-02 8.169900074317747452e-01 -6.762187105677550658e-01 5.146562302071621131e-01 3.145353593728755226e-01 -8.465478462504012480e-01 1.400605156322511091e-01 1.334393706861278783e-01 -9.944968945488532608e-01 9.901951921600065099e-01
6.392590341707631019e-02 2.369351572351724666e+00 4.249682310352805303e-01 -2.156467201354710650e-01 1.295924244511814094e-01 -2.883739541890732450e-01 -1.725244263499822739e-01 -1.645497752828206303e-02 -1.476112840253235747e+00 1.145709031544841938e+00 -1.764424761409068843e-01 3.452659864190218975e-01 7.771413066785320956e-01 9.872700786215828916e-01 -6.586309251193572800e-01 9.120678553840230740e-03 9.538261453628170405e-02 1.124423566068744496e+00 -1.510811278467889762e+00 -6.434328125934145326e-02
5.781422418191877188e-01 1.408009084828048874e+00 3.001212374305814445e-02 1.696130158420167122e-01 -2.476750895703414557e-01 -3.784840524641867043e-01 -2.642363432963854564e-01 -1.119697576318637450e-01 -4.913211573823932365e-01 -1.040846572299345824e-01 -1.240391181968574369e-01 -1.693060655854475183e+00 4.011352575079465965e-01 -8.428677265270632935e-02 -3.391979062361537567e-01 1.389282518287859591e-01 8.357035715062339776e-01 4.944442295591272019e-01 -9.445578242637953092e-01 2.044790270334012894e-01
7.277296775875140566e-01 -1.082276043224021489e+00 -1.087986144939986799e+00 -7.938641893426685581e-01 9.244157645653927613e-01 5.020582655868448541e-01 1.346060386777925000e-01 8.817211192227658589e-02 1.126409045415216692e+00 2.882317531151752932e-01 4.829556428324194295e-01 2.680890685398118034e+00 3.542884583330481729e-01 3.137330974309813225e-01 1.959273894660163440e-01 -4.264289390892097575e-01 5.537098738974628731e-02 4.744818660831225388e-01 -4.872712456703590655e-01 -4.133823255287091825e-01
1.429931249781567770e-01 -6.307973288221425667e-01 1.172211181224689591e+00 -6.914131292112852822e-01 -2.040583394740397571e-01 8.528791951540154459e-01 2.683567442737692654e-01 -4.024999381229540929e-01 -8.915240643148412136e-01 2.821948835252264809e-01 -4.316248212584968269e-01 1.890337282752591275e+00 6.334055599499122113e-01 2.436653699259976324e+00 -1.919464991086673455e-01 5.035419148198436168e-02 2.778482226870465088e-01 1.724027387287390689e-01 8.865551644282362309e-01 2.722433692477312372e-01
3.933360764082222127e-01 1.575505942289602723e+00 1.686029577033261173e-01 7.555955876379388814e-01 -3.983512821410623572e-01 8.155011487497456635e-01 -2.683352872988459259e-01 -2.577000422237922805e-01 -1.007410201452076937e+00 9.951410982426353025e-01 -3.896830857866901976e-01 2.176540963649399529e+00 9.101829087485749925e-01 8.655598122481977796e-01 3.564871951193881450e-01 -3.061229604673820770e-01 3.191041685323109944e-01 1.703588968902258471e-01 1.302435157243452268e-01 -1.624526311916286159e-01
-5.290630809795593414e-01 -2.215355590292513444e-01 2.954780302020968974e-01 2.862111716283963769e-01 -1.753992990255156259e-01 3.960935808564041705e-01 4.716784219211590523e-01 -2.152047823405857652e-01 -1.109102620788341431e+00 -1.094625971761126471e-01 -6.079223506683792966e-01 -5.238771430173896348e-01 -7.592555707712199398e-02 -6.762070376410281858e-01 1.621322308499640041e-01 -8.019228701554399485e-01 1.040002586355029540e-01 2.965792102193247071e-01 -5.404984213476972110e-01 1.253006470123829486e+00
-2.054652472292256005e-01 6.162162440210934289e-01 -8.345208254092194577e-01 1.257091652200878762e-01 -8.142748371410418740e-01 2.526006122896738981e-01 -2.853393786357710446e-02 -9.094162620522661111e-02 1.428717413356291432e+00 3.552161977829668138e-01 -6.343288225748981990e-01 -4.917220844193863072e-01 9.588306275611757634e-01 1.152250018370623685e+00 5.169096043128604823e-01 -4.914292824876041466e-01 3.516821193675835899e-01 -1.809613574170065575e-01 -6.801477719631572327e-01 -3.084113342382320821e-01
-1.513296719257367640e-01 2.661040206187704094e+00 6.102940053603582715e-01 1.175187434833575573e+00 2.168919760361528171e-01 -7.961179034775495156e-01 3.713730957545916533e-01 7.683979981102956325e-03 3.843904460063529704e-01 8.635895514301472620e-01 7.511505985525461782e-01 1.314896277632697563e+00 -4.667185700033107398e-01 -4.218045964939011738e-01 5.009871539194142853e-01 5.846091027845645716e-01 -2.088030998726059795e-01 -2.701791852523400816e-01 -1.986678338324371351e-01 1.571611380388156509e-01
2.224420674682055232e-01 5.704700226029872923e-01 -5.683474690950057751e-01 1.034227314224171745e-01 -7.832548098115980073e-01 -1.165671104538472225e+00 -2.869294977483380915e-01 6.203105158483089854e-01 4.361242800601116687e-01 4.930537997907737391e-01 -2.428781162483079903e-01 9.784827482270225252e-01 -2.825768835124823908e-01 3.630822330255050745e-01 -6.312163632471121111e-02 -8.857022680347215182e-01 4.125709334901864755e-01 -7.479928369556588796e-01 -7.414697614263097147e-01 1.591164032100156556e+00
5.327418123320208920e-01 -6.175550246637766527e-01 1.243559657619731862e+00 -7.016358781484351992e-01 -1.031112229203882125e+00 -6.118326019170625824e-02 9.679860017156716179e-02 2.511568924637193057e-01 2.824052572616819745e-01 8.055912124607723657e-01 1.549601529921901255e-01 -1.392026281681689293e+00 4.263166384587094848e-01 1.108346459446019949e+00 -4.714004160655016484e-01 -1.445784976177338255e+00 8.496573942788039346e-01 -5.934993379845664441e-01 -1.248062205501188487e-01 -5.424609685866225300e-02
2.376337637817794723e-01 -1.032531062881308692e+00 1.049671383281804093e+00 -5.433916316702140648e-02 7.079581469759834711e-01 -2.962289790316570137e-01 3.916113570777771669e-01 -6.207037772056884783e-01 -3.250299175913939909e-01 -3.745095164003730548e-01 -3.131520414595691526e-01 -1.712177789499315317e+00 -6.900900765705046958e-01 8.716013467109229307e-01 7.092896376333116537e-01 -7.707398776451216404e-01 -6.810719732767968326e-02 -6.451435441674376881e-01 -9.150741801634346695e-01 -1.402092632657633287e-01
5.160383001279701398e-01 2.009889527913974128e+00 5.741123704532534455e-02 -3.384683472793195147e-01 -2.297209726894666459e-01 7.157238837683310706e-01 -6.536236665234710363e-01 -7.100900900037673824e-02 -6.485858716968541104e-01 8.782211078842138141e-01 -1.491047687047728464e-02 -3.445923999663171866e-01 8.616730538959614938e-01 4.558491162880694003e-01 6.381272152270365261e-01 -3.953475330838221967e-03 3.922416052325794489e-02 8.148221572107199329e-01 -6.003726296988456390e-01 -5.851251564111101811e-01
-3.047632425694464242e-01 3.205557671808883513e-01 1.443558037493788415e-01 4.250801635870343764e-01 6.931152848705363079e-01 9.112444979861051841e-01 -1.573063492102536876e-01 2.645953756868171247e-01 -8.173993188083608086e-01 8.686506849229695959e-01 -4.675494110202476628e-01 1.885165977230566448e+00 4.863251281123988357e-02 2.117764057921903420e-01 5.780264379986826961e-01 -1.177909411634712328e-01 1.602963763561335853e-01 -7.761518421668932577e-01 3.778892528331839751e-01 1.450463957721930042e+00
6.255967432841683662e-01 9.905166356405777917e-01 4.970488812312641724e-01 4.590215668156909512e-01 2.283247708414464505e-01 3.233640275046070767e-01 7.656726826332722613e-01 -8.602511016023285315e-03 -1.572937869161563862e+00 -4.162584149219921148e-01 2.312026424032118110e-02 -5.844742888410754400e-01 -9.481142517818660909e-03 5.336364122267155119e-02 1.103972219168719050e-02 -1.074453392997895440e+00 2.599665012782301776e-01 1.425448252706941477e-01 3.721582860714358065e-01 -3.935302012187768400e-02
5.110365128694485115e-01 3.052764293103736648e+00 6.335267122510704341e-02 -1.030719078267749111e+00 5.455964783357064585e-02 1.094224068320498677e+00 5.183153206154438308e-01 -1.046767128524666579e-01 -2.089220184824261695e-01 -1.423449215321949124e+00 8.388772270148981969e-01 5.245924098440827299e-01 2.854340627726106305e-01 1.519729336888862858e-01 4.240428769339317783e-01 4.455467833618092371e-02 -1.638049324223266323e-01 9.702771698614034990e-02 -3.836102198157674836e-01 3.971994027860689669e-01
-2.133905713917536584e-01 9.276223558268070768e-01 6.441138310818399493e-01 2.488990308265263962e-01 1.200795182765792557e+00 2.471155387445912455e-01 -3.886085442499842002e-01 6.912695409127078694e-01 1.583000165137739002e+00 -1.933894165224201711e-01 -4.525124522597272908e-02 8.890774681989315198e-01 2.608440892290102286e-02 7.752603125190955513e-01 -7.109137489294417578e-02 -3.608773319893806009e-01 1.209571665876171931e+00 -1.032754531847632565e-02 -1.717232478311375710e-01 9.316728996948130392e-01
7.110083549314124562e-01 -5.173364614768769520e-01 -3.620906431900688949e-01 2.014484641515851937e+00 5.307353619704620051e-01 2.995571498935428179e-01 2.776332491028149496e-01 -6.572689487555186671e-01 -2.767379491957212001e-01 1.596933805761191483e-01 2.604903930742124007e-01 -3.450067870608058973e-03 1.225332250602327172e-01 -8.289933023734049611e-01 2.189615072223649248e-02 -1.855322079051394081e-03 1.068490480660650027e-01 1.766629403054222613e-01 -3.456705829858597867e-01 5.114636234866467950e-03
1.311964629390576509e-01 -7.286396114392488244e-01 -3.434543573774802572e-01 5.874039507476639388e-01 5.930445585565474742e-01 -5.425382608774667048e-01 2.693276735890760554e-01 -2.004789756068445505e-01 -7.196015894102077981e-01 8.333302844147035815e-01 1.099928845821648987e-01 1.360535738912032944e+00 -6.487160419605351169e-01 -1.186842663685263144e+00 7.387714650236152369e-01 7.541219845089827678e-02 6.832897794094111577e-01 -7.405932251855297244e-01 -8.413911850618052135e-01 1.827200940429754006e+00
3.260205741808606672e-01 1.954021959687914700e+00 8.093260689014374343e-01 -1.944456947854789897e-01 1.167615216652025723e+00 -8.470062236585946813e-01 -1.177028159395022144e-01 -9.073550485311091540e-01 -3.904483392729652391e-01 -2.966172570988805934e-01 -5.644172645089562401e-01 -1.220927632129505280e+00 1.305367682012289754e-01 -8.521822877857675449e-01 1.230821643903406537e+00 -2.436949613628894007e-01 -3.978554963717219617e-01 1.475807696765313592e-01 3.062026524854011278e-01 1.739504823748391493e-01
-2.662372581705671482e-01 -1.088855136860611639e+00 -7.041575008483554887e-01 2.273008459898017142e-01 -6.143725961064611107e-01 -1.841018179512599606e-01 2.335210648399966005e-01 1.592370161044086019e-01 -9.267642313195634252e-01 6.765273121019299563e-01 -3.785534407942177659e-01 4.821884794965581866e-01 1.006595008937740454e+00 1.027687247890578304e+00 8.897924921633465489e-01 -6.253346279114068151e-01 -5.915441769672955541e-01 -5.514934221603473574e-02 1.669448839558293138e-02 -7.309827761985142613e-01
4.647038597035024199e-01 1.233902967819417995e+00 1.140774159892461448e+00 7.497454933883530570e-01 -2.560657010739988415e-01 9.371172982844533372e-01 -5.786171377111246628e-01 -1.836969200578624228e-01 2.073368046852049063e-01 6.721767728908684125e-01 1.891456296281646479e-02 2.995086220588483727e-01 4.687183488273831133e-01 -4.646278968330355696e-01 -3.651022760509553544e-02 1.376805175819570404e-01 4.815541413123805570e-01 3.093569263033069672e-01 6.180719467882405012e-03 1.378867768529187465e+00
1.379214530937722671e-01 2.982680214019971299e+00 -4.346096205919298683e-01 -5.516254432206289110e-02 -3.803794825992903861e-01 1.630644188943922712e-01 -7.501362246132677047e-02 -2.276716258079244382e-01 8.001145715479107690e-01 6.947686438025776345e-01 -6.823732230928396536e-01 7.278906201750180438e-01 3.096316129778722837e-01 1.879564782017558167e-01 9.986702000684231917e-02 -4.610910354873855033e-01 1.627151301734545141e-01 3.466616690067482187e-01 -5.002521255414057455e-01 1.325876222761693535e-01
6.855899730934791325e-01 3.505975540119393496e+00 -5.581619525764732748e-01 2.515671277638829029e+00 1.330183999266074113e-01 6.034523554942967660e-01 5.274885390017792774e-01 -3.369499287619850958e-02 2.100722843948104046e-01 7.485997143820994904e-01 1.780547938549060238e-01 1.241135957385257615e+00 4.553082136033274607e-01 -8.428286308370434021e-01 -7.303071099583985371e-01 -1.741523705718210357e-01 5.608039552906043390e-01 -1.133237955815275533e-01 2.382304293698082887e-01 1.172487918250308542e-01
-3.570638575379463386e-01 4.876640163427720109e-01 1.642934917636573178e-01 3.314970485144312362e-01 7.565497072637087372e-01 -3.532130053717154050e-01 -4.991759801758624548e-01 -1.257502250285576217e-01 5.481322946210555047e-01 -3.122626928236628130e-01 4.994404780081396211e-01 -3.351983711107861530e-01 7.767732552669521784e-01 1.533685129088109722e+00 -3.689865665148318874e-02 -5.704976339450511524e-01 5.248700404012764109e-02 5.996734293542050898e-01 5.494640958523487884e-01 -6.835462988741760615e-01
1.361066478992397910e-01 1.681875215987957306e+00 -2.206618577025094147e-02 5.685407424838884866e-02 -4.010183900674112456e-01 -3.657264158376192283e-03 -3.170731946675877100e-01 -2.123226503512690155e-01 1.470335271662040144e+00 6.746805430484728028e-01 1.654045966169731818e-01 -5.543885066983801346e-01 3.433841446279425197e-02 9.938548234174815477e-01 6.930861222670146038e-01 4.338399772052720649e-01 7.306462835902203246e-01 6.336796554479948718e-01 -4.736456653727166843e-01 8.753227995510060033e-01
8.773123442911685554e-01 2.669760578084820479e-01 4.133846649249416361e-01 2.324694552962627725e+00 1.136224596856952873e-01 1.406509125832682283e+00 -5.042275050703606820e-02 -5.700307383164031627e-01 -8.807050741252870907e-01 -1.547795467543639836e+00 5.818036696410726627e-01 9.661805115678655242e-02 6.244389986290266314e-01 -1.051471251031775411e+00 2.426887910338415000e-01 -1.537034031427488845e-01 -4.160194976735354100e-01 -2.017435747242860011e-01 -3.673563527630374637e-01 9.043142545076632288e-01
9.432013055591432771e-01 1.567387187529547754e+00 6.051415636276658017e-01 5.533281855982206121e-01 -1.186021429968474594e+00 -6.399768149639993853e-01 -7.328896567094835002e-02 -7.260928560347496008e-01 3.596206725894671719e-01 -3.135210299222763730e-01 3.628992348623796826e-01 1.548281890409313633e+00 4.511235128211859569e-01 4.169713964101921522e-01 -1.350116918258903432e-04 3.378705071882975308e-01 8.166120831438864469e-01 2.612873995894342549e-01 -3.705386714301776019e-01 2.785629330240386170e-01
-3.018996525925795593e-01 5.217684341429307260e-01 -6.068335650481079258e-01 8.469949104886385916e-02 -5.711327616004254759e-01 7.349132340656879814e-01 6.540121623477879176e-01 -3.300841095571632744e-01 1.855550823561157969e+00 2.482285889145109392e-01 -1.304961984527573116e-01 1.430793394758168580e-01 1.868395757323992323e-01 -6.169939413332774514e-01 1.036284827541039233e+00 -6.318946792298573145e-01 2.192763756631580796e-01 -6.229338822830041839e-02 1.103172954805353712e+00 -1.970083795940030802e-01
5.872785689673833964e-01 1.609178901322628752e+00 8.788509310503498373e-01 1.220398234975692553e+00 8.929059798358669475e-01 -7.882718837611639717e-01 5.473437257346806806e-02 1.692207193098810292e-01 -1.111074604600025495e+00 1.988042511497438783e-02 1.432467870203082971e-01 -1.430255104532983434e+00 3.989542780102746655e-01 -3.600719326096594175e-01 7.412391192615692681e-01 -1.118788734802510232e-01 -4.015463402915717683e-01 2.564458294965937246e-01 -2.773719235348522938e-01 -2.717957822493997089e-01
1.732348942491173938e-01 -2.988902031719486430e-01 1.836340511132865672e+00 6.443268106597263012e-01 -3.468330233374114502e-01 -9.571671691968436368e-02 2.875327986121055668e-01 7.923023714328839562e-01 -1.465145950764644267e+00 9.331548501920869931e-01 9.021832447478082828e-02 -2.919572102248507162e-01 4.136054851180319403e-02 -7.970851828819248974e-02 1.891103213424242258e-01 6.427518451289332413e-02 6.846723505901068929e-01 -1.924918569342146946e-01 -1.806165851399619549e-01 -1.588779501592517129e-01
-3.438559487438764828e-01 5.124778030820632546e-01 -1.117821408909362102e+00 -5.222813762394366011e-01 1.061517201855618042e+00 7.998248633837581889e-02 2.839206073740436209e-01 5.073129506793183641e-01 9.242657080836873540e-01 2.141510707333085795e-02 7.507601025917309823e-01 2.378703677966296670e+00 8.837990407705191842e-01 1.864127510561332524e-01 2.463621450079160335e-01 -7.911858316757414133e-01 -5.797693465509886623e-01 -5.953778620652923070e-01 -6.165668846311617157e-01 1.786482297568875444e-01
8.682111125931424311e-02 -1.372139997877289963e-01 1.976021830806811430e-01 1.198109897716255062e-01 -4.152386809985476601e-01 5.817471782023916349e-01 -1.640338511616071249e-02 -1.069763597618365175e-01 1.029642200177109501e+00 1.401899002363340863e+00 -1.873113691528066060e-01 6.488725735454907717e-01 -7.899009757846441326e-01 2.129165555006514998e-01 1.081073453217230446e-01 -9.032257773113121502e-01 1.734503293033658744e-01 -3.266286471082925913e-01 -5.243436923855885334e-01 1.131758962190716478e+00
-4.263950758610938752e-01 -1.166811321775654831e+00 1.605252997927857805e+00 -2.610644312468139994e-01 -7.716964053705506199e-01 3.185503557953635045e-01 4.039869746185927313e-01 -4.706945220760225257e-01 7.275005006655571593e-01 -3.414111889582161496e-01 -2.540867466857075208e-01 -4.888679719419171676e-01 -4.226128577887269255e-01 -6.014925425327503072e-01 1.056268768416554371e+00 -5.001854661730477103e-01 -3.065779533926684675e-01 9.949219876987052125e-01 8.821536042156604696e-01 4.393263866275121110e-02
4.779479634636625285e-01 1.898154688981972260e+00 -4.428900778611843947e-01 3.088967198619943857e-02 -5.306235556124653252e-01 2.923190432932482041e-01 -1.568102644545611990e-01 2.042522626190460544e-01 -6.666912987552018333e-01 -3.380908556120463815e-01 4.020115320904340539e-01 2.066209650861778879e+00 8.596375197404448887e-01 3.002471466754660367e-01 3.459302766105441518e-01 -7.293655735020015962e-01 4.421805791734286784e-01 3.718019848523134163e-01 7.423438042386563129e-01 -3.640904479255967496e-01
7.195300591074353935e-01 8.886674075517211335e-01 6.026180576988060533e-01 -6.840912855506828816e-01 -5.733169775860953443e-01 7.545713657054022860e-01 6.361178633587405429e-01 3.141245950459813918e-01 3.330707494409071434e-01 1.385843991163384914e-01 5.624387617830152175e-01 1.855283960398296239e+00 -6.845426190716712156e-02 3.443590449767113676e-02 5.718878603005148609e-01 4.442544928027735707e-01 4.087532953495752186e-01 -8.306435169500936411e-02 4.232474475237411049e-01 3.580633973566939576e-01
9.427188595627680190e-01 2.592726156560888895e-01 7.515895583594337515e-01 -3.938744436443230024e-01 -8.993575876097229527e-01 -5.926186533492683317e-01 -3.217125182658616689e-01 -6.208219349901825668e-01 -2.055331738887807014e-01 -6.376600955102782464e-01 -7.091341423708844571e-01 -1.256726325291494861e+00 6.475937583069770742e-01 8.094027428892883735e-01 9.246743481325637726e-01 -3.432130835301094307e-01 5.154358902884496052e-01 -3.514757096752195720e-01 1.070147816656539796e-01 -2.335923130641670287e-01
1.632222777480884590e-03 2.442019716628218262e+00 6.069233348018456820e-01 1.357479878941242335e+00 9.542588557884811307e-01 -1.171733592460279638e+00 1.218904865760886969e-01 4.960566809258524223e-01 8.489950062360844540e-02 5.768286999054503816e-01 -1.656947116422872734e-01 -1.012047924795560050e+00 -2.870121744106370332e-01 6.504797314712190692e-01 5.117636081781404833e-01 -1.322499109456065358e-01 -3.381125400217490085e-01 3.715230285315215819e-01 -1.176890625830961518e-01 -4.625704681775081456e-02
1.874919533107689829e-01 4.567736048878019983e-01 9.092172601381434127e-01 -3.552928529142602709e-01 -7.769094879163976897e-01 7.338564658842108290e-01 -1.421765994874485683e-01 1.587356854088776581e+00 5.972733346443340752e-01 -5.781431694111089925e-01 -3.343302581168909327e-01 -1.104367807988485328e+00 -4.336341367252516954e-01 -2.219227490337364606e-01 5.247252876021359924e-01 -5.407897744476202195e-01 2.712549702944461738e-01 1.280330965365518159e+00 -3.977377033935563522e-01 -2.240112174789121724e-01
-4.162601325305124722e-01 -3.343509666792997548e-01 -9.028187317509912824e-02 2.379379395129054553e-01 5.241239250214267953e-01 1.489812596646129972e+00 4.226331680953636094e-01 -2.563847406784333649e-02 -6.464563965305211157e-01 8.870269682476462636e-01 -5.669934598245726098e-01 1.035530496811001289e+00 -2.907610267487815148e-01 2.820796303530779259e-01 -7.834772292205220701e-02 -8.620762398513484026e-01 2.366308591979794929e-01 1.810058614352125506e-01 -2.850247946515650499e-01 6.127427513928398461e-01
2.863792361067222236e-01 2.928232145935911190e-01 9.280756568113451843e-01 6.234894797380721165e-01 3.025624946944655003e-01 -1.293336037790554283e+00 4.895315062459399402e-01 -6.209500709180377775e-01 -1.134943512331566540e+00 9.010342154723676167e-01 -3.992342200113677131e-01 4.797595297471380360e-01 2.428289276104721520e-02 -5.502839440271252158e-01 -9.479480156361015653e-02 -7.555247614939629708e-01 -8.144826347946977352e-01 7.969591603066110697e-01 4.988332310543971970e-01 -6.599744357323664712e-01
6.136572915289630892e-01 -1.155807640528218716e+00 6.594615533246270811e-01 2.114108370972873630e-01 6.061992068309974835e-01 3.412832824920547514e-01 -7.153217972855010869e-03 4.725231910288964915e-02 -1.217713908018559915e-01 -2.867226028688228956e-01 6.886608115750222359e-01 -1.019227797092228327e+00 4.316712877532870030e-01 1.048901836120047226e-01 8.216483103706153646e-01 2.313487664964284374e-01 1.532696828248552023e+00 -2.646047897704083274e-02 5.348154249304477581e-01 1.248774586146576215e+00
1.826710800768285015e-01 -2.337911215580992685e+00 -4.717704827304500803e-01 -2.691472872957856866e-01 2.759147371170341256e-01 1.897209781552800845e+00 -2.295877249207206039e-01 -4.722981588146917820e-01 6.680869295350327919e-01 6.206894280226975535e-01 5.890720432900488079e-01 -3.038310087688216310e-01 2.472459736176199629e-01 1.152635774970657945e+00 7.610130709790402515e-01 -1.166286454655705240e+00 -4.339179691965398544e-01 -3.589456321810970962e-01 2.637042405364729558e-01 2.447290986410388669e-04
-3.596703787637442473e-01 1.263424983493983023e+00 1.155372158486728806e-01 4.376073761222180059e-01 1.055532533657190353e+00 6.409139942159560732e-01 2.382741227280168461e-01 5.552039353442169700e-01 -1.350051878624688007e+00 -5.600544754638828726e-01 5.477317310505855907e-01 2.580075857475693901e+00 1.175145518875107820e-01 4.194392420237719188e-01 -4.962210189138921979e-01 -8.419977099961002409e-01 5.276164346010331352e-01 5.470130961700309102e-01 -5.430827259731914047e-01 -4.927487777238930278e-01
1.127505776019737560e+00 1.601766663058538320e+00 -9.869214053994117275e-02 3.573801943665913528e-01 1.785912362165557044e-01 3.859168848167289778e-01 4.462299287872550924e-01 8.677661789173239937e-01 1.454307826194216835e+00 -1.671735691288460390e-01 -3.446032668311533320e-01 2.602493772556520035e+00 -1.689423408942980764e-01 2.416508162402831172e-01 -3.683135185032858083e-01 -3.033565728313529219e-01 -3.366429092424339659e-02 1.429216842447331992e-01 -1.031980257947815449e+00 3.895055337427150710e-01
7.950076731499590155e-01 2.607936903473506707e-01 5.527235209725857301e-02 -2.295630149026337552e-01 4.869178017895089972e-02 1.092463137227518866e+00 2.395429881340755199e-02 -1.879583780049318975e-01 1.238921540689024992e-01 1.239152380640931250e+00 2.434055547655241403e-01 2.198863770632078385e+00 6.287065006901865205e-01 5.357569692019069629e-01 -5.673327890136113938e-01 -4.268707332572620472e-01 2.470534508649454425e-02 1.872487832509800998e-01 -9.173025338566381803e-02 6.064927789015798348e-03
-2.891003521520944530e-01 8.820470452982196452e-01 8.981351617352334449e-01 1.154838615359555509e-01 1.030921389303028457e+00 6.521366858806985078e-01 3.128210845366185544e-01 8.681152712512168329e-03 -1.687416682893411735e-01 5.341177529164893301e-01 5.167056402942327153e-01 2.767383034629436800e+00 -3.506225082752622013e-01 4.288220979681161005e-01 7.625248438166610798e-01 1.363356169294422493e+00 6.377963036109813855e-01 -1.179754746590230274e-01 -3.891375937423016129e-01 1.237897518337946146e+00
-5.139376388382976835e-01 1.756844461388151313e+00 2.368373157123991324e-01 2.573527654470675330e-01 -2.458794056167482311e-01 -1.074419432149916476e-01 -1.080436673280029264e-01 2.790565716968320675e-01 -1.336920248626387031e-01 1.709592010142805263e-01 1.852667733486820234e-01 -2.038385468996315453e+00 2.005894624273634741e-01 1.459168582794224234e+00 8.957792375842476007e-01 -2.931509495281829983e-02 3.350199718063615051e-01 1.777670995428683787e+00 1.093583801430594526e+00 -2.462884954636015422e-01
-3.540440176786831539e-01 2.320487123566634668e-01 -2.705030015376782559e-01 -2.581834958590025209e-01 -4.346943863560543964e-01 -9.546608438365820071e-01 -1.426231322878113439e-01 -2.096173803053753490e-02 -1.341013183275171716e+00 -1.177117896548259268e-01 4.824263376865315922e-01 -8.655563375787440616e-01 1.052923944565606229e+00 -2.897382904286837091e-01 8.764954914307697686e-01 -1.690213962540460316e-02 9.822043937683475612e-01 -4.732686370072652915e-02 -9.258048091476048791e-01 1.150472906220332686e-01
-3.963831746676280687e-01 -3.656766915591563860e-01 -7.048245108391268943e-01 -6.780364405014553952e-01 1.191920027566398366e+00 9.352565810285698999e-01 -2.414143993750806350e-01 7.522663173168211426e-01 6.755249503902384101e-01 1.698179081873344431e-01 -9.742812684763420272e-02 1.822080393312911051e+00 1.603241368015915214e-01 5.577604932128966686e-01 2.537546303581694751e-01 -1.204667953839208550e-01 6.759962304130048838e-02 1.071885685377516273e+00 -1.161437740790961515e+00 -6.267953073425738264e-01
4.731307107824687108e-01 -5.613423051173018624e-02 4.957434825373806531e-01 1.338310114093016479e+00 1.098690131567882533e+00 -2.737302876887467429e-01 -2.762493906648198494e-01 6.855578551923184605e-02 -5.419453435653249773e-01 -1.010308111417035637e-01 -5.715677073609808367e-01 1.049984612954091734e+00 -2.922432695594062713e-01 1.069237182509741535e+00 8.912522472226409587e-01 -9.667376677709477173e-02 -1.913801872628357603e-01 2.545931909321082487e-01 -1.458899445349652879e-01 -4.626800710494343161e-01
8.707909335353415659e-02 3.612247555878179139e-01 1.128331030291396697e+00 1.050571466309262014e+00 -7.197489896731648074e-01 -6.150167085237390197e-01 6.826210029856073502e-01 1.038860625705175567e+00 -1.455057084913926602e+00 4.742124388675105218e-01 4.873955828344238017e-01 -9.611493844651632090e-02 -1.230164346602443115e-01 -8.967628962436584583e-01 9.596627079379661529e-01 2.369130523452919468e-01 -3.396923970597112152e-01 4.036097514886817228e-01 -3.862517651926775097e-02 -1.976522304471202418e-01
-2.144049079599437413e-01 7.031355164857465700e-01 -8.772973750880792565e-01 2.088620541376706163e-01 2.777524713225213437e-01 2.748431471711129670e-01 -2.971850460684253292e-01 1.130762503689760390e+00 -6.965236288631427852e-01 1.024015477137347890e-01 -5.803129130845052774e-01 6.865958786644577039e-01 -3.839550247600048705e-01 4.800148584191641921e-01 5.172178508746768655e-01 -6.524113987108520751e-02 1.821425006877446517e-01 1.387179403066172600e+00 -1.850198192501162353e-01 7.041031644967702396e-01
7.126770170060338361e-02 1.034205345385970309e+00 1.112530860620841722e+00 7.638187450473662432e-01 1.275644330228078660e+00 -7.480858768224670774e-01 3.967320718348819192e-02 -5.679488590524305325e-01 4.604460613208955500e-01 4.093632971600173476e-01 -2.990767022430075306e-01 -2.936919690875823830e-01 -6.540928574201710921e-01 1.313456609750627058e+00 5.908654799953200198e-01 -5.523874548358067571e-01 2.378082731316835119e-01 -5.711445349099463220e-01 -1.784122153667224708e-01 -5.657287200880141143e-01
-1.401301866691428699e-01 1.815614249451089401e+00 8.159629723078398733e-01 3.845610994720565223e-01 4.177532362358380574e-02 -1.697068661895180908e+00 -3.434428290743457568e-01 -5.364007467428405507e-02 3.746130013758171545e-03 2.607868923735807143e-01 -5.568367065905441837e-01 -1.079159565078543936e+00 3.588052172511283500e-01 1.719564032889409344e-01 7.656011667519156960e-01 2.570082229847493460e-01 3.571358297981307439e-01 6.908482893484686471e-01 -3.621292494532323269e-01 1.161325513787039965e+00
-2.612944150235710708e-02 7.895119849500769060e-01 8.266250855356457317e-01 -1.372892248319164121e+00 8.218042295204065761e-02 6.550735810578926788e-02 2.041093189937973063e-01 -3.014512561800237744e-01 -1.372737505863722118e+00 7.439542744162225274e-02 9.676245894378138201e-01 1.141662389463048211e+00 -1.328585925393669931e-01 8.537907013295769065e-01 1.048648470457237414e+00 -1.985353676479772456e-01 4.398486972090483171e-02 1.628153979906737381e-01 3.351258098872977320e-01 -3.935432965847296405e-01
-7.037549037696744225e-02 1.447431986590487440e+00 2.659023080105251124e-01 3.652223376018311485e-01 6.714033346269125957e-01 -1.134241806139503900e-01 3.714266251528536844e-01 5.401313936733589394e-01 -8.151127677983069919e-01 -4.833980060166422899e-01 -4.747761271272101236e-01 -1.294340016963627882e+00 -1.399734869176044449e-01 3.260001347359758328e-01 3.979194605183258848e-01 -1.001260500531250930e+00 5.480844222187351011e-01 -3.224313503037593009e-01 5.159617096162621985e-01 4.794373580282704217e-01
-6.133671382484314760e-01 1.536229898238692382e-01 3.712038285897504286e-01 -8.082051215257721188e-02 1.275299233510443386e+00 3.804240839250122019e-01 1.398511203609172082e-01 7.304817590837773267e-01 2.292531524016256039e+00 2.451249837538214682e-01 4.215638097937043915e-01 2.404025927619167557e+00 -1.703973431250791490e-03 1.233287418390487389e+00 1.234943083209251863e-01 -1.006043767526564603e-01 1.148491830934116331e+00 8.542495068423714422e-01 -4.290830315942585349e-01 -1.034045863102386192e-01
1.150252544240839142e-01 -1.021544467280587121e+00 -1.168421165647831161e+00 1.181850411798713307e-01 9.045350297474411549e-01 -2.332581276778913359e-01 1.400306248032972267e-01 3.844203461441137448e-01 -4.002111904999753889e-01 -1.018529227518720631e-01 3.514814264314605197e-01 5.278351458287527942e-01 9.420049091208064773e-01 1.168988683958068542e+00 8.869230134513905739e-01 -3.434446177171628367e-01 9.793025948800780645e-02 7.678865500500353831e-03 -6.795898211166266911e-01 -8.084734075991435454e-01
