2.455639107470950488e-01 -3.265272075294374243e-01 1.179643801894310506e+00 -1.129745847699205191e-01 1.329328720698310928e-01 -6.158113005312959576e-01 -3.347460857606728291e-01 1.063238845451729662e-02 3.963273083887173254e-01 1.325373766445264723e-01
-1.848702414003579320e-01 1.042178589311521630e+00 1.781152349778935828e-01 2.378068533712935084e-01 -4.714993471142073234e-01 -7.312494891932339591e-01 1.560500915066061201e-01 2.028614441011599434e-01 5.787922053313118709e-02 1.198062919629286904e-01
-6.229201039309127941e-01 -5.415282723626259065e-01 5.367019210370642668e-01 1.456584773646049658e-01 -9.571976011934768547e-02 -9.465285013954769511e-01 -3.783610251135279823e-01 -7.209049548718382550e-02 3.826071156865834544e-01 -3.883718616888741093e-01
4.469139123616377995e-02 -7.034828828761221509e-01 -2.162506454417011392e-01 -1.152515188609917925e-02 1.735625263395615681e-01 -4.523032764263449357e-01 1.167113641258579332e-01 -2.908000031844256827e-03 -4.110508482465777269e-02 -8.320837771656647286e-01
-3.892648770203192832e-02 -2.458969128457399178e-01 -1.906753330461338769e-01 -1.291908741165527681e-02 6.824455974083203091e-02 2.959179977672291711e-02 -5.077331629191335072e-01 -1.923093344012834216e-01 -1.049362757531963897e-01 3.228793166319081642e-01
6.892928183177544632e-01 -7.413165892452136529e-02 7.308647523759460862e-02 2.406447310115757410e-01 7.825811631216272879e-02 6.284695731520861806e-01 -2.109928904910444991e-01 -1.378843427520050346e-01 -6.905226874545798976e-01 -9.365136983567949880e-01
-2.472368212665232157e-01 -4.260711201123886793e-01 -4.294400975452702385e-01 -1.009467457768654652e-01 -2.192670091158365198e-01 -2.319704553908342737e-01 4.258495951754330822e-01 -8.303653079330088060e-02 -8.812550860467997793e-02 -4.350785616642503517e-01
1.868344531103680317e-01 -2.499419187296866574e-01 -2.851418933467292915e-01 -2.367896351898845023e-02 1.313426469207679137e-01 3.086083558142915795e-02 3.527509735327333806e-01 -1.205758959638826011e-01 -3.458011128809882484e-01 -3.665275163437567429e-01
5.436768813168923326e-02 -2.761681117670891639e-01 5.532335605616176544e-01 -1.755652088177498960e-01 -8.905410825594499424e-02 -3.865642417562108191e-02 -6.314010518057346089e-02 -1.592078950862603481e-01 2.787434224939551730e-01 1.471116294501392530e-01
-2.858639431635339734e-01 8.580552833920956912e-01 -3.638530148443522294e-01 4.551738559543684337e-01 -6.502714388118352451e-02 -7.266291863651471727e-01 6.203440916580462566e-02 -1.316330569336134904e-01 5.402074092682367101e-02 -1.930032822551475680e-01
3.022649537302607436e-01 -4.740684057152554920e-01 -5.546275464883695938e-02 9.672971020358088479e-02 -6.743515265805268832e-01 -5.327328213231290466e-01 -1.206777531584359409e+00 -6.646966719735682150e-02 -3.548464793469592871e-01 -5.033136774937877478e-01
3.002526428425801308e-01 -4.019858300849389887e-01 -9.293355600917305170e-02 -4.826372596957702321e-02 -1.117474676757807504e-02 1.085766469493070450e-02 -6.655602944451343150e-01 -1.631049524250124672e-01 -4.584299491053214770e-01 -7.433328903698481760e-01
-9.532490985852238863e-01 5.585776672233742079e-01 -6.398872758697170537e-01 8.337512205013496436e-01 -3.912584455355764823e-01 -4.446990260423535068e-01 -6.925486150968833687e-01 -2.961323041652342281e-01 -1.811644806538180996e-01 -5.259043077643107411e-01
-3.755951463596449158e-01 -4.751130994630619608e-01 2.634606058769202175e-01 -6.807925611992056425e-02 1.013553073324612863e-01 -2.803206823147673110e-01 2.811074230241457084e-01 -1.264616345324765800e-01 2.150313459745238354e-01 -8.966574404545937793e-02
1.766375719305938313e-02 -2.824191364519572645e-01 2.201583648267458823e-02 2.241178673954955999e-02 4.524525295380832368e-01 -7.333347701425115828e-01 1.347969900615917926e-01 -2.954444548673335405e-02 4.531391552370198084e-01 4.704134581167692675e-01
5.574859132480365354e-01 -2.517457504591619766e-01 -5.418294176134971218e-01 2.100470151619059367e-01 -1.277452351241434580e-01 -3.457773856582653793e-01 -7.058042824573198537e-01 -2.985260446701922810e-01 -1.463212265660596423e-01 -2.727255505861383988e-01
2.981436373633472581e-01 -1.222616279877393630e+00 -5.753432779916962669e-01 2.903124485332601035e-01 -8.884432965550428940e-03 -7.547846221722545046e-01 -7.436691352123999676e-01 7.370102296510830930e-01 -1.785557446350374000e-01 -1.491906443312517760e+00
2.714157638102536740e-01 -1.592194297883489928e-01 4.062523901335232113e-01 -7.562593639600835582e-02 3.915916675246939871e-01 3.633003608866674367e-02 -5.712974994069383028e-01 -2.559681361212829201e-02 2.311130705484681636e-01 6.436421326431009948e-01
-1.116395484705859364e-01 1.672754332932161192e-01 4.746596327950875494e-01 -2.588512084364762433e-01 7.140109047188508695e-02 -4.496904341370753233e-01 6.818090228871516167e-01 5.696219779095801350e-02 -3.895241310785360067e-01 -3.355692169567797700e-01
3.187911306207587558e-01 -5.860473194854579071e-02 -2.396909176957931834e-02 -2.930991319635933845e-01 4.289636393460853903e-01 1.081697700683621061e-01 -1.701304895939216855e-01 -4.074721399284244455e-02 -1.447059054025846003e-01 6.813535624439162053e-01
-8.350728457988060294e-01 6.607490776145358291e-01 -3.863116193502733609e-01 -6.484800380523434438e-01 -5.858716262743315362e-01 -3.958556921235107939e-01 -1.999068938169181742e+00 -3.865479179437743273e-02 -3.772581531667363319e-01 3.602511676418222564e+00
1.526000222313344257e-01 -3.892939452986804993e-01 1.734090136787795888e-01 4.481355203460517245e-02 2.603993900578230672e-02 -5.695146578711061253e-02 -1.884796441165389677e-02 -2.832372611288801537e-02 1.391216719994205764e-01 -3.714273543101005992e-01
1.075478352212082267e-01 1.609261825348652586e+00 -5.923065664908162553e-01 -1.143386088843521137e-01 -4.555671414034834776e-01 -4.525474740768976045e-01 -9.817559250723594255e-01 -5.760650685373745056e-02 1.425404661803673090e-01 4.299860368085426376e-01
2.789339303605126719e-01 6.017059454682620601e-01 -2.335903980545141201e-02 -2.120199909495970314e-01 7.991991871277122350e-02 -1.323009424715083926e-01 -1.545754440913154948e+00 1.583463583149349041e-01 -9.061339186146348812e-01 2.437028469213523285e-01
4.421164934980657546e-01 -2.828779270080027386e-01 7.549320410606291665e-02 8.470236355884543100e-02 3.579064053371676102e-01 -2.799838770672906652e-01 -1.329517019325409777e+00 6.842590860692670737e-03 -1.215456371732647339e-01 -3.231748437131310436e-01
1.635409186286983507e-01 -1.702249808283641808e-01 -1.510684119809116710e-01 2.364458858915648859e-02 -7.108106922663093297e-02 -2.721813541183373819e-01 -4.217596568589694339e-01 -2.044397211287130381e-02 1.772521645529381573e-01 -6.398897200089218584e-01
1.433107167820999173e-01 2.949000499459015004e-02 -2.657188881513560808e-01 -1.602804193114062692e-01 -1.152821292581791314e-02 2.361260098271673602e-01 1.374167356719695199e-01 -8.923845961426665752e-02 -3.722578521973270438e-01 -3.799967747952245900e-02
-1.803708884710128746e-01 -1.532329174703167540e-01 -1.940619763569765843e-01 -3.300372899636416779e-01 9.293720903474475548e-02 2.892274635025149365e-01 3.133883285411414032e-01 -8.930508151487759338e-02 -5.119132560364589857e-01 -6.758348333394046392e-01
7.600000078682390692e-01 -5.990552209691959451e-01 -1.020064037557204678e-01 9.523317647188030144e-02 1.075854242735011512e-01 -3.335635153420991594e-01 -2.427016581958334474e-01 1.939560660217771182e-01 -5.504583706975094137e-02 -3.209740824197616083e-01
1.344756341915613329e-01 -3.792241637127002352e-01 1.656709163912864213e-01 1.370163800668177667e-01 3.256128518069145716e-01 -4.850521262607357387e-01 -5.109581474919904220e-01 1.211397068394748366e-02 -1.625926299724457860e-02 -3.231868502082193007e-01
2.481291313248240038e-01 -3.250184082064809798e-01 9.055919419796173986e-02 2.713971918022295080e-02 2.782595689496345503e-01 4.800514100453793787e-01 -2.255962103962539100e-01 -3.949954583529083352e-02 -2.006244488101054449e-02 5.892915749053041496e-01
2.215889767399353560e-01 -4.618863074471568630e-01 1.402578208627930367e-01 -2.177071688787331760e-01 4.504658181506894232e-01 -4.162570770396559761e-01 4.358830554531605284e-01 4.501792222982574365e-02 2.732072432935749862e-01 2.530097487872843276e-01
2.876131801925257414e-01 -1.007570280866008222e-02 -2.406771819951451230e-01 -1.923904223276396430e-01 2.072105342571599340e-01 8.116452464265324629e-01 2.417139226691749354e-01 1.082905824489173024e-01 2.328021360389709651e-02 3.504272115535275178e-01
-1.055875312497401436e-01 6.439274843995623776e-01 -3.042574383621308720e-01 1.521125843647560261e-01 -6.029610312348324674e-01 -2.701595641653411484e-01 3.477715144424418092e-01 7.278868820215414655e-03 -3.532363214299227283e-01 -2.858568766462572519e-01
-4.678297138336877659e-01 4.865322437314671400e-01 -1.581419878967900428e-01 1.390792718831118657e-01 5.319590960840840932e-01 3.428080647544153037e-02 4.140571292548811955e-01 -6.749503506272999664e-02 -4.594814530522756124e-02 -3.288872851688616206e-01
-4.871161588364402717e-01 -4.505409564523703558e-01 3.051662438363650365e-01 1.615917209605414184e-01 2.198808507077114061e-01 -1.141467044092602384e-01 -5.256412124498105465e-01 -1.215471535280333998e-01 5.059024158964124662e-02 3.146696348043640512e-01
-2.050005413275071686e-01 -4.716651258100575950e-01 4.136599025082658976e-01 -9.754032088560887770e-02 -7.985583880541230473e-02 -3.718282145717066167e-01 1.815782320774184111e-01 -4.096168921370180530e-03 3.273021603299967053e-01 -3.900812270102157475e-01
8.980583779421437429e-02 1.146577404050544091e+00 -6.216065201059097767e-01 1.858091247795926049e-01 -6.948489848490327359e-02 -6.072856533240008625e-01 5.875425006800528704e-01 7.016822612156062289e-02 3.659694976873494321e-01 2.638800955990443509e-01
-1.962880137980949069e-01 -4.997462667951726445e-01 -5.509535590310894737e-02 1.139221327490794466e-01 4.610436685215516528e-01 -2.925092400591406405e-01 -1.249786503870226745e-01 7.771780887763442280e-02 1.894442069478850799e-01 1.160674626581089885e+00
7.397600546067450988e-02 -3.067937863789176045e-02 1.601602463622506245e-01 2.549375444911257671e-01 -1.766513884630878731e-02 4.406872201621873653e-01 -5.222504700794781130e-01 -1.258362464340374593e-03 -1.625192267645209770e-02 -5.541226914244316015e-01
-2.020263365736851835e-01 -5.301629370720861711e-01 3.822061848733692146e-01 3.914479947585851050e-01 5.072999586399942196e-01 -1.013757541754324976e+00 3.857685621045679053e-02 4.431402673996827357e-02 4.822444718998218360e-01 -6.548245352974470246e-02
-8.703557225679185716e-02 1.495749815052276999e+00 9.741202509256167985e-02 1.689163718365837008e-01 8.143416011260193876e-01 4.782233984911726105e-02 -1.107543309792813568e+00 2.524033640730397390e-02 2.823618220367600240e-01 5.189994121205257493e-02
3.200852626588213123e-01 -7.022659808842632301e-02 3.389437659523996099e-03 1.139423496710886274e-01 -4.022327465271833269e-01 6.221528228621395207e-02 -1.412736734705529962e+00 1.486473234395343235e-01 -5.087517202158207130e-01 1.009053224332586041e+00
1.621756255280621395e-01 -3.997470912697771994e-01 8.665481782670753086e-02 4.585666918044845053e-02 4.763746633086152760e-01 6.348913964402516097e-01 1.177531066174347524e-01 -4.258718054753536653e-02 4.662175433915732164e-02 3.218949700941178271e-01
-4.776924638773826226e-01 -5.720304011606224259e-01 8.507674452864376347e-02 3.926486241098527397e-01 5.554331465046526972e-01 1.237456088386359454e-01 2.093707785657205334e-01 -1.356207357571955763e-01 3.571477277355987467e-02 1.988268474171127620e-01
-4.796877309099250031e-01 -2.233428199031689543e-01 1.070136880188168466e-01 -4.677670505844321036e-02 1.887925117982973688e-01 -2.505835164444085161e-01 5.959776292927234514e-02 -4.271982647833078017e-02 8.293560526823155754e-02 2.597774339864807880e-01
-1.704234321216094028e-01 -3.977434611122772634e-01 -2.502664889234045287e-01 -1.005546284859686751e-01 1.583686270804313123e-01 -4.879417702221672815e-01 -5.216422864680960725e-01 7.394630335751950501e-02 1.240855410763488098e-01 4.667526797490650359e-01
-3.916210090706527813e-01 4.230712867511707276e-02 -3.936373493268312540e-01 -2.738073815609780581e-01 6.271628118926454443e-01 -8.095922169881804298e-02 -3.479689636407418685e-01 -1.466104080678055088e-01 -2.837720805242079092e-02 1.194113644555258480e+00
-5.886742868880182611e-01 -5.865710697457017231e-01 -4.813547232565967837e-01 2.938515388370584458e-01 2.930651189258056885e-02 5.658467309970621750e-01 1.956009266734398122e-01 -1.358851445044160500e-01 -3.356641971215907905e-01 -3.649054065068813718e-02
4.253193953461854859e-02 -4.520273104889148130e-01 -2.235912651699358267e-01 8.496932755702456264e-02 2.805150826770153594e-01 -7.906658169723038143e-02 3.132801725284094507e-01 -1.156383686315632237e-01 5.383575389945107620e-02 3.112260891836093890e-01
6.342890128606741840e-01 3.461777743812444186e-01 4.917640367661556544e-01 -1.070729335155449075e-01 9.822300073353236460e-02 1.099342607271011740e+00 -9.452902709103629952e-01 -6.764802780925779913e-02 -4.804861451804533501e-01 1.719514355662639771e+00
-7.986712163153449895e-01 -7.466951098768018213e-02 -1.940272617989148018e-01 8.662721024693419425e-01 -3.485449530675175933e-01 8.746827865340776054e-01 -3.817928651296241815e-01 -3.567041374724749248e-01 -2.823952423334301631e-01 1.317761283599140576e+00
5.661362875923720006e-01 -1.987381547958746719e-01 -1.224445141598961562e-01 5.085269737150591163e-02 1.376792595498860794e-01 1.902184395805404937e-01 -4.563704837223884203e-01 -8.029977865369802847e-02 -6.215258876019962297e-01 3.024953011814798254e-01
-1.970777003293273932e-01 -2.791856100790046993e-02 8.838434508171084947e-02 3.298889716290610563e-01 -4.478457717294728191e-01 -5.110976597370493479e-01 1.947088024589420652e-01 2.472550959452815902e-02 -4.446094345899702094e-01 -1.408645953047336641e-01
-6.748722656458280844e-02 2.063109286863994973e-01 1.540701181595179603e-01 -1.729922508290084038e-02 -1.383455534985678359e-01 -8.672685470103911332e-01 8.009886975229416617e-01 -1.705816033899626785e-03 -3.277105013198815531e-01 -1.183791554315869743e-01
1.839488651301633415e-01 -4.440263259805001250e-01 1.425595684221105941e-01 1.455497120644122233e-01 1.638292204027891608e-01 5.255662853259031042e-01 -7.556286571527383034e-01 -3.944084886874175272e-02 -6.865263231458114124e-01 -4.727313543383801497e-01
-3.565502053579355235e-01 -3.672617155045651560e-01 1.940062032957439175e-01 2.186541679529565851e-01 6.428722153477720580e-01 -3.770585738062360304e-01 3.698915807211238249e-01 9.433708115066050115e-02 -2.961904152158430226e-02 1.067865234436918276e-01
-9.952790602648399210e-01 -2.835144462461832160e-01 3.285436905453308909e-01 -1.366439070725996852e-01 4.376535630044340874e-01 -8.597989903289807168e-02 2.460995371132482123e+00 -7.477661576762385798e-02 -7.736126484203553755e-01 -3.370244635650997411e-01
1.836874574666749749e-01 1.044590134777457990e+00 -3.829613345726979867e-01 2.846412771612580883e-01 4.280993124045114895e-01 5.202275848769526145e-02 -1.509585097512868290e-01 -1.435250336970442520e-01 -3.132895150671781148e-01 -4.736874261751158333e-01
-7.763840900786131427e-02 -5.963871087363854517e-01 -4.831496803146953511e-01 -1.972413687685464073e-02 2.338346925737014581e-01 -1.290408898721371100e+00 -6.595666367283955500e-01 2.104820026077785788e-01 1.402614824116315551e-01 -7.436870210347562571e-01
-2.549683391069422489e-02 -3.622402648222495247e-01 -3.978834393144747295e-01 -1.826130704135783545e-01 5.949054043274130121e-01 -2.062680526836743466e-01 -1.639366413589401494e-01 7.839367014858945881e-02 6.005494454255740078e-02 1.090884861392184213e+00
-3.155729882114980400e-01 -3.764163755947034229e-01 -7.701341137168459250e-01 -5.434153680786924824e-03 -5.122777535133194587e-02 4.391466436959872710e-01 -2.230453580318871587e-01 -7.632627950468841294e-02 -7.262911856207336925e-01 -4.450958658275652180e-01
1.438191837595552934e-02 -8.719801305138959180e-02 -5.577016777634178496e-02 -2.761474654966979969e-01 2.833668437048117439e-01 -4.012918085035223348e-02 1.708117781749761699e-01 7.074152107007943002e-02 -5.470225729926784242e-01 7.498605978127201865e-01
1.493982600774864389e-01 -1.789814176637272436e-01 -1.135780560966751784e-01 -9.750447598447781195e-02 7.120640006952692058e-01 -2.769572119412865366e-02 -8.331518987971611168e-01 -1.944085383125840616e-01 -1.013965555879660363e-01 1.237090761411125506e+00
-2.469154942369337358e-01 7.490814121770321687e-01 1.119109769610986266e-01 1.058453859038138434e-01 -5.284568463639287283e-02 -5.754824736755543846e-01 4.821576530568766339e-01 -2.041350537339186866e-01 -1.213572218504239270e-01 -4.822243057966784097e-01
1.904351966825294507e-01 -4.378795235668232477e-01 -1.072195818229289832e-01 -1.197293182926229167e-03 5.364110128213352979e-01 -5.308123002287568060e-01 -1.895429059407742478e-01 1.137086144684845528e-02 3.966591166255121759e-01 -2.256579561264929201e-01
-2.289901928289860555e-01 1.930200551008886545e-01 -5.404868052869470085e-02 -3.966980113743794750e-02 1.328655844564217425e-01 -4.308608308976745738e-01 -6.452566094685191489e-01 -6.570368029184797676e-02 -3.097682519499483922e-01 2.207147494369807728e-01
-1.177332011917321120e-01 -5.338156600181699352e-01 4.646043018442713030e-02 7.875730536633719636e-02 -2.751623886796325524e-01 -2.426161642848124467e-01 -4.819585677832932680e-01 -6.685137411409319830e-02 2.478714079503272633e-02 4.311514310947459627e-01
-2.083459438103726358e-01 2.482085555949351680e-02 1.665708898574695118e-01 -7.821464569705725497e-03 -6.566807875676562434e-01 -7.141638949918228674e-01 4.833205677689344504e-01 7.389590396199641198e-02 -1.500314208238755775e-01 6.593256416749458670e-02
2.356981767556087792e-01 -9.233755200835654098e-02 -3.561051849013244230e-02 -1.573803520700552960e-01 5.338170195814704311e-01 2.205694734473219454e-02 -6.557880030043407305e-02 -1.199765453460989451e-01 -2.091667182548914983e-01 7.198929364513033669e-01
7.966605537747083188e-02 -5.137068225808149036e-01 -1.007215858072219861e-01 -6.713170992580946850e-02 3.811763005328386300e-01 -4.536753389336499187e-01 -1.014808002948871968e+00 -1.525827263029129119e-02 8.212600738138522982e-02 -9.481240933718083908e-02
-4.485078998329111721e-02 -5.101705642206932900e-01 4.857331740433448730e-01 7.946374069315358113e-03 3.393367671167997757e-01 -1.468570796831280001e-01 5.232717472368468847e-01 -2.564070308357259409e-02 -1.857094650061961172e-01 -6.889931965378782719e-01
-1.925558590006161419e-01 -6.590801466712500334e-01 1.389296269511604287e-02 2.954628450036016485e-01 8.281702405929878275e-01 3.978773019861058247e-01 5.639576595020440175e-01 2.467927082546454015e-02 -5.015446513153022472e-03 5.357744407947593324e-01
-6.223348477772513987e-02 -3.341281316697590764e-01 -3.860037502487053129e-01 4.229409570687204384e-02 -6.347160562950136808e-02 -2.113169045436227855e-01 -2.977975856639863417e-01 6.999495142676965403e-03 -2.705422024060795128e-01 -1.139045882891342870e-01
-3.201705403429148111e-01 -2.794850401099405746e-01 -7.014758427306065913e-01 -3.488104466199326015e-01 -2.172551421882515377e-01 9.770681240275908008e-02 -4.322300214342743585e-01 3.846766351893825264e-02 -5.788121539778859903e-01 -6.597215728710489335e-01
7.077071113157144822e-02 -4.030726864094366646e-01 -3.451927262162335364e-01 3.383350808862570225e-02 6.926539593478353574e-01 4.119956372749731394e-02 -4.073377066145726921e-01 1.318963105606085484e-01 -2.639705659113358305e-01 2.564814750144419064e-01
-1.142343654202199743e-01 -5.440646237682443820e-01 3.958660507019087227e-01 8.147516874139164311e-02 3.395343714443779248e-01 -9.644735950474028208e-01 -4.646141490245193628e-01 1.366568405764710392e-01 2.085912619139433932e-01 -7.349055166772913150e-01
-4.096480640544591934e-02 -1.952151159043417350e-01 3.967988221452031089e-02 5.496924033653716180e-02 8.175660886706320740e-01 -1.992211018542612844e-01 -4.628184708185228979e-02 7.340902914430984250e-02 4.919584698389140032e-01 8.547192844505636655e-01
-7.371706294019557681e-01 4.277715624483375279e-01 1.275217318492921359e-01 1.668137177318828879e-01 -3.783410490666547776e-01 -2.709738235731269373e-01 9.343093425530802909e-01 -2.552971581544770732e-02 -4.639042501955535358e-01 -2.782062936053787405e-01
-7.252299460487249272e-01 3.826733756081665550e-01 3.394051448200203214e-01 -1.464203168741471106e-01 1.881776731320367047e-01 8.217654554632004837e-03 1.846130848493820586e+00 -1.454296029379885738e-02 -6.101222128193208860e-01 -1.373645278047039286e-01
8.526436616991225903e-02 6.112470827109719451e-01 1.243642247134392476e-01 -9.479711137925081466e-02 -2.863935544830809588e-01 8.446950431867776832e-01 -1.044723731014580270e+00 1.276614485201656504e-02 -8.920176149433410862e-01 1.490746207890334851e+00
1.476020910525209506e-02 -3.737970148540917248e-01 2.002709426475759447e-01 -1.103085146248325432e-01 4.830165083285809513e-01 5.231947969085920525e-01 6.585021012244023364e-01 1.222532443797034740e-01 -3.110721731851723848e-01 9.615478143258612831e-02
3.651829251339429039e-01 8.368545437745832372e-01 1.821046494181592923e-01 3.782180116421239302e-01 4.227112320027121006e-02 7.514488013103718389e-01 -5.944613748090955135e-02 1.976648386702005433e-02 1.161860101870180600e-01 -5.920963013702781330e-01
2.291170805487928730e-01 1.103655388696873629e+00 -4.034170966378363699e-01 4.903883724104708408e-01 3.442122740367966616e-01 -8.086136664080134651e-01 -3.934966014617787000e-02 1.444706300088485773e-01 4.486074381304032688e-01 -1.200248219380790488e-01
-6.521098522451071466e-02 9.105393921556251824e-01 -4.474640915281091758e-01 1.837813680199502364e-01 -1.516784084309391427e-02 3.972993808588589637e-01 -5.218279079641088281e-01 -4.852101211534304986e-02 -4.504418303164215431e-01 1.150213635489844149e-01
4.976294711626566558e-01 -2.727602990574152231e-01 2.342273494556471880e-01 -7.143558145224297717e-02 3.986656785965284056e-02 -5.424055445933291253e-01 7.087971439812633667e-01 6.476911752729555549e-02 -1.750927532980049370e-02 -1.700928665064039003e-01
-2.231076949382762853e-01 -2.856789096306010522e-01 4.160444791681863763e-01 -3.528982049706851087e-02 -1.223403751656020749e-01 -1.767000589959516477e-01 2.611016334600007593e-01 -5.600143008360952690e-02 7.865613189459164101e-02 -8.163554531836936246e-02
2.852919865279167633e-01 -3.701807608022270046e-01 1.324551761295573657e-03 3.569382676528231602e-01 1.169511917818072622e+00 -6.356162402530012301e-01 -1.580322935442654009e-01 2.520607788709569586e-01 7.062057575941289855e-02 -2.688820995170025999e-02
5.316856111353412614e-03 -3.564038913713181156e-01 1.957807193995112216e-01 -6.414248800304724052e-02 -5.231740176962038254e-03 2.941963371845994213e-01 6.465728739384175583e-01 6.346936587644384786e-02 -1.049488050105544384e-01 -1.124620725651140768e-01
-1.938824653666056108e-01 8.667903453148713133e-01 -1.376860542358701589e-01 1.365068274975055618e-01 -3.500038513595846168e-02 -1.515636011163523089e-01 1.282639821114787970e-01 -4.946334254837957828e-02 -3.060591606308247226e-01 -3.324832779668352445e-01
-2.573589591876832006e-01 2.811825763181625137e-01 -1.292554046998551365e-01 -1.667706376958330294e-01 -1.116472460908655706e-01 -2.254842849373381863e-01 7.773090246852173424e-01 -2.855514313045039859e-02 -3.979705483719739312e-01 3.217667424050105196e-02
1.580631096333292782e-02 2.153312881954642932e-02 1.265540686736365272e-01 -3.565528883528512050e-01 7.477704533593957370e-01 4.426917213307382526e-01 -3.666225712436594897e-01 -1.212509683569742841e-01 5.499271708740331721e-02 7.703979544403081192e-01
-3.014458666599346970e-02 -6.437049039936578732e-01 -8.898486309763591062e-02 5.012899025476313247e-02 5.820381967437809889e-01 1.046066263151259057e-01 -1.999811190006863526e-01 -6.046505776088955536e-02 4.892834480435605954e-02 3.553631297484137752e-01
-2.281935103603476289e-01 -1.414642644165919616e-01 -1.167981699479535285e-01 -2.606356627400848724e-01 5.362338721345234482e-01 -1.875920178215308431e-01 -4.854001480769703503e-01 3.495318433135777281e-02 -4.211843786738611595e-01 -1.238591402788977502e+00
-2.692459601850951539e-02 7.688299109497410966e-02 1.539723614931669260e-02 -3.913574448045834681e-02 2.064499901610970523e-01 -1.116356387061252509e+00 -3.222369955862846025e-01 1.269768183104744673e-02 8.118896093538652270e-02 -1.654799433491831451e-01
-3.325010650780402810e-01 -3.516722527959912914e-01 3.956105836022534294e-01 -2.550851853350080689e-01 -2.758423376394801840e-01 -3.045844791428641285e-01 4.260125226291872069e-01 -5.966339518294539596e-02 -5.121270384339059178e-02 -5.599705520502054057e-01
4.998099744202761374e-01 -4.700720096846176532e-01 -2.572396776887010961e-01 2.576766335477977121e-02 -4.403402369826052709e-01 1.855924378613070524e-01 -4.529943066052553591e-01 1.681123545794273866e-01 -3.204922590791497994e-01 -1.029244504207398464e-01
1.154074203306022506e-01 -3.718945650812674475e-01 1.683616370440993437e-01 -1.863662523755464928e-01 2.499028220666331401e-01 -1.747811649821303659e-01 -2.022043930537804901e-02 -6.697359894998851371e-02 7.426176713192096657e-02 -1.857347058513880433e-01
4.389183308110971571e-01 1.802924298716087614e-01 9.363037738218803196e-02 -2.780167954229504357e-01 -1.846949291917709957e-01 -2.484282503028463138e-02 4.473122579362316942e-01 -6.298511823593756775e-02 -1.656624234537264206e-01 3.282732674367048326e-02
1.623893657167115867e-01 -2.523524119795785281e-01 -6.506426623213851235e-02 5.901158548039063013e-03 4.736407238904646877e-01 2.403287694519306572e-01 4.822301425045493195e-01 -6.820091841659066401e-02 2.735641248758553523e-01 3.127357959635836959e-01
2.985026286293546716e-01 -1.763425504313136938e-01 -3.407338169613308154e-02 -3.111228569307954508e-02 -3.526539742378513864e-01 1.151113735689047068e+00 -9.870950593588885547e-02 3.575376211088434827e-03 -3.281241104494501126e-01 8.247559001083505370e-01
2.284290217509575560e-01 -1.435115901104669703e-02 -2.413048778328644450e-01 -1.311347157605735614e-01 -1.545141253127819692e-01 2.508674628582240329e-01 -6.879879191707521935e-02 -8.751052503364442625e-02 1.996105856269632939e-01 8.262922741233165447e-02
2.037336167092077821e-01 5.293430509563879643e-02 -3.916775365398370012e-01 -4.533194304700277621e-02 -4.935599325516025204e-01 -3.358273938565449201e-01 -5.016944314591053056e-01 -1.846920030869666574e-03 -2.049714669044915005e-01 2.934012111901028175e-01
2.249970122607121981e-01 -1.763526372159016642e-01 -2.839633328786127509e-01 1.567739963255115332e-01 -8.193317928466616051e-02 2.123608922231272345e-01 3.347622716313095048e-01 -2.777436856897324419e-02 1.387428872560368120e-01 6.864412714312532193e-01
5.001052793544886743e-01 -1.737625414152100534e-01 -1.345961780395280860e-01 -2.165287442443545596e-01 -4.160695543738796021e-01 -3.137850764924300373e-01 -4.105451096941045708e-01 1.350995788518821183e-01 -5.667037440452479258e-01 1.750337704015960949e-01
-3.850534529967497566e-01 -1.870165333212859826e-01 3.312383082563621350e-01 -2.149083501905069693e-01 2.039105130124166040e-03 -7.753997723644956430e-01 -5.283708468156830262e-01 -3.978596804978149631e-02 4.244812868746907220e-01 -1.947820999139923681e-02
1.210880159092632968e-01 -2.031078416429998590e-01 2.382672873545289005e-01 -1.966619142578584535e-03 4.748165796592773158e-01 -3.527204993346848005e-01 -7.231828898610918877e-02 2.629488113963384666e-01 3.781879746441735857e-01 -9.208395729906845850e-02
-1.599049936770340630e-01 3.716831863978022066e-02 5.963781669921807554e-02 -2.385487910277409584e-01 -7.462904708812208021e-01 -4.470627407168432099e-01 -2.049797994026304471e-01 4.549754934649343635e-02 -7.119534411698462684e-01 4.741349832502039230e-01
-7.533490180874551079e-02 -6.095616611544575347e-01 -1.829345653967890395e-01 -2.771537671352417020e-01 -6.223216485437529921e-02 -9.362255529274099430e-02 4.417643121411365392e-01 5.875158106512595735e-02 -2.020992431054695615e-01 -4.243588446985805396e-01
2.351826081020160289e-02 6.076219282093471286e-01 2.186469959516446349e-01 -8.002767426113954752e-02 4.611835818636318418e-01 3.249139922281136239e-01 -1.073862179738506312e-01 -7.404909768638857914e-02 -1.599192602639742111e-01 1.439239588086560773e-01
1.796051985513249738e+00 1.258998905576617533e+00 5.710748489846446674e-01 3.551859285594325955e-01 -6.786238540990451040e-02 1.390433386200481625e+00 6.971722279748405748e-01 2.086396533933465025e-01 1.473632694930838427e-01 7.182746254832937938e-01
5.313017127272652296e-01 9.089787459338556364e-01 -2.763828920146335633e-02 -3.190505873917551249e-01 2.463778917949090153e-02 -6.429883556784048160e-02 8.548400779389982995e-01 -1.929053683952335618e-01 -3.281935635900349452e-02 8.682924726899607371e-02
4.749840881483723964e-01 1.410384226131857210e-01 8.452742474257021743e-02 -2.229828781127204951e-01 3.751640352121315414e-01 3.417786155252640068e-01 8.954605518191499636e-02 -5.970887232786144250e-02 -3.330306870126611973e-02 -2.543244198311004345e-01
1.348152423516571830e+00 -8.501380909083009474e-01 5.399658667709101856e-01 -2.987434795879427563e-02 4.834279975183393696e-01 -3.075823785951350975e-01 -2.131030994497237208e-01 -1.686182147943609448e-03 1.543554245793939683e-01 -6.467232447885666868e-01
2.549465052693245526e-01 -2.957176633411678357e-01 1.156415789124339843e-01 -4.979742189360129856e-02 -3.332452071054092801e-01 1.723550347222259360e-01 -8.096319120170231143e-02 -5.806919809847875535e-02 3.017210678147333458e-01 -1.042077637131169632e-01
-2.561347165322288011e-01 4.850327650438758798e-01 4.072817578582527132e-01 -2.852786889956464567e-01 8.745952988812290274e-02 -4.513114987721836835e-01 1.944857574424719182e+00 -4.492659415231759629e-02 -5.422631331878094985e-01 -5.968463569142905545e-01
3.532830358900938550e-01 2.289070899370400924e-01 1.044851624675038199e-01 -2.150235092944859649e-01 6.160222386186589016e-01 -8.060045847487949944e-01 -2.254522595845937227e-01 -1.231714087468533253e-01 4.770384422768561006e-01 -5.260323148980775576e-01
3.371689453377919587e-01 -6.273255797834890179e-01 9.909506490839334325e-02 -1.875460902384102346e-01 2.450751148967128534e-01 1.755861730183821134e-01 3.211341832368191929e-01 6.854674867145621638e-03 -1.142748906361908262e-01 -4.695090759051476909e-02
2.121358927700301988e-01 9.280769845329985834e-01 -6.251784608925613496e-01 4.004639236215880027e-01 -4.226767335662968278e-02 -3.709401804834634442e-01 -9.571745884224689416e-01 -1.366071419778905616e-01 -4.757380147872282694e-01 -2.234867310803676510e+00
-5.622960939127658042e-02 1.425686844092505408e-02 -2.612804426331782892e-01 -2.284905814614234809e-01 1.022821727970808642e-01 9.593504755395223516e-01 2.941732355835115498e-01 4.358424332657798508e-03 4.338224107488994896e-01 -6.912694321367096606e-01
-5.481082164960133785e-01 6.402756101936590838e-01 1.690454061630972671e-01 -4.928892016026966694e-01 -2.509677312741442901e-01 1.642711836992451768e-01 -5.120648213302482210e-01 -1.648326043670544361e-01 5.626016984342391281e-01 -9.276658176682447410e-01
8.961170443900004501e-04 1.282858390942183957e-01 -3.656002267093338420e-01 -2.722674066801583082e-01 3.195069928439764895e-01 8.077623535030233892e-01 1.105012363763130112e-01 -3.684732876632389881e-02 1.973599960484564153e-01 -8.860193434369416643e-01
-5.107582493931304285e-02 3.683875559996252491e-01 1.335452911900654807e-02 -7.738255033863924992e-02 7.413552297378782630e-01 1.124804948685460548e+00 -4.106854761875603499e-01 -2.909638374183289022e-02 7.222297573507203972e-02 -1.045681320696201677e+00
-5.075798936903148928e-02 -3.686844221768183910e-02 -3.007683214974455899e-01 -1.788372526560453590e-01 2.905214796676418021e-01 7.956442368001394039e-01 1.307920718027687501e-01 1.945233629029892441e-02 1.719485101099161861e-01 -8.074691711451537079e-01
-8.674939459113087392e-02 -1.083807363251039213e-01 -4.783897317571341734e-01 -2.821963395029629673e-01 -2.305268831538812013e-01 4.705840191606611156e-01 5.397623327575473001e-02 -1.422124640705062226e-01 4.625125864858635194e-01 -4.404612593959692513e-01
2.155101869848585483e-01 -8.030951226193824843e-02 -2.749782401787929098e-01 -2.104676048817284706e-01 2.607743051093613929e-01 5.657344663065694279e-01 -4.653968004210978782e-02 2.099504215248767791e-01 2.526472548707698329e-01 -5.324236163347212392e-01
7.205619213235546494e-02 7.465226370511877929e-02 -3.196568580081477484e-01 -1.712297711277734058e-01 1.302266677563194697e-01 7.111921469710209553e-01 -8.552495823224685878e-02 8.916647287912683045e-03 3.193736319926137046e-01 -8.354342408701856959e-01
1.359229704890852486e-01 -3.603935236705486100e-01 -4.251319981071163823e-01 -1.952086681022813519e-01 2.833306663160291561e-01 8.045336058209586749e-01 2.000202187449329483e-01 4.990321294054191753e-02 1.626215467425623507e-01 -7.874254610204067806e-01
1.137623586364252815e-01 3.021643077507141228e-02 -5.817512855523664372e-01 -1.838320856638530898e-01 3.740465792644113718e-01 1.135147624188329818e+00 3.868299907903592627e-02 -6.555151690744799586e-02 -3.937625660431266078e-02 -7.330110547856197867e-01
1.076464785131995006e-01 -1.913313335401836679e-01 -2.705943076972136541e-01 -2.138361788116334705e-01 3.092323975214814058e-01 9.499733382772734824e-01 1.795793541426368711e-01 3.312016710481081178e-02 1.067198048827471407e-01 -5.451069530803253071e-01
-3.032838249796202534e-01 5.494720361152437560e-01 -3.695292616951184606e-01 -4.038828101053879016e-01 -5.972007068765416982e-01 7.786749652113579279e-01 -5.002925512898526161e-01 -1.500514355670448385e-01 5.068467325122362199e-01 -6.186678970507170083e-01
1.878135696714722802e-01 9.706884417406178023e-03 -3.643421708947425786e-01 -9.906986996878698604e-02 7.441606163688073428e-02 9.761495790798423444e-01 3.572522547156682937e-01 -1.350001079906597290e-02 3.611224455978935266e-01 -5.198924694663521473e-01
2.467569855400466861e-01 3.616383113313145076e-02 -3.279624298325565790e-01 -6.259683470576760111e-02 3.387139606647277534e-01 7.378993722937905453e-01 2.146601643455488817e-01 9.107001359818750474e-02 1.474509483141867860e-01 -7.434834750988784657e-01
-5.762060018697406916e-01 -3.286667457873531095e-01 -4.591144154198724681e-01 3.555562147700660480e-01 -6.350952800850474533e-01 1.000857615386223420e+00 -1.979340616058404834e-01 1.184105375675458954e-01 -6.748866896440437746e-02 -9.336342142784002096e-01
-7.969247807190897870e-01 -2.684801492781122012e-01 -2.867955637003845593e-01 2.348765859916059351e-01 -7.417744555240487481e-01 6.887877971739214678e-01 -1.845455072510276406e-01 6.975819997020653584e-01 2.846803583145732786e-01 -1.012616634992893477e-01
-7.909801097816978599e-01 -3.610013567723741601e-01 -2.492230050702298472e-01 2.924755172548440529e-01 -4.357966824711166920e-01 9.387949300643186890e-01 -2.317794071651141929e-01 4.222887870722267789e-01 1.018993785330168239e-01 -8.883443606501835177e-01
-5.880561336421973317e-01 -1.984686446866880394e-01 -1.156590910814069978e-01 -1.852522992062182253e-02 -1.095501637690742963e-01 6.868500515266200424e-01 4.271133438020122131e-01 1.000275121160525971e-01 2.221699704700171862e-01 -5.843368473148156106e-01
4.282982030577953125e-02 -1.396300700611239620e-01 -2.453710533772045510e-01 -3.733531455569882862e-01 7.195316649294238032e-02 6.656329726210543640e-01 5.251476178189298238e-01 2.402684611518412783e-01 2.914893031250242461e-01 -5.098801506924094396e-01
-6.868238709449017709e-02 -5.674779066405007122e-02 -2.755409991491606370e-01 -3.791810542513331106e-02 5.140388258724659654e-01 1.040249590574706673e+00 4.381295613531703825e-01 1.188996218555139484e-01 1.149013637953878592e-01 -5.087386794120744016e-01
-7.493736164011146617e-01 6.676429537700550032e-01 8.869935590118689650e-02 -3.047526755614149430e-01 5.341720493535304648e-01 8.808412384152823904e-01 -8.493025398536583337e-01 -1.002109024687985843e-02 2.329215217168077723e-01 -9.803478455719683016e-01
-8.923395762411792109e-01 3.727607255420199994e-01 -4.599839487256611181e-01 -5.840003194870013736e-01 1.874331638168294512e-01 7.687271226968601656e-01 3.813191950139792619e-01 2.744948259539715940e-02 2.041784133917676491e-01 -6.391534401191855119e-01
-1.155082957043604142e-01 -1.538057526261512875e-01 -2.843173931676790112e-01 7.465540711839689647e-02 -2.662870542887815425e-02 6.702988590933975921e-01 -3.358145949842345490e-01 1.657142261263465643e-01 3.019464665524174488e-02 -8.943736828619850421e-01
-8.533715071824871101e-02 -9.738335356642741081e-02 -1.867053475537653884e-01 4.020384435166200754e-02 5.306612677247164456e-01 1.254649610829062123e+00 2.378621103110499790e-01 2.282539062037433897e-01 2.499781156448601174e-02 -5.561745538273785705e-01
-3.184719091822753589e-01 -6.674246070958034238e-01 1.606853320397512996e-01 1.195789533520376230e-01 1.058827645642181681e+00 -3.775782122214145775e-01 -9.306241345032040257e-01 1.761837237516901966e-01 1.995891195194557932e-01 2.425627897746554795e-01
-2.610736866213447804e-01 -2.704976154798991450e-01 4.612067432472957695e-01 -3.341406967012794382e-01 1.635847435420161866e-01 3.014000361431247166e-01 1.169414335281735218e+00 -6.485092216450379782e-03 -3.078204428243871416e-01 3.199983267034779422e-01
-1.656607568576211054e-01 8.164916601659062412e-01 -1.786974713760678402e-01 5.168142462377280921e-01 -2.383862999266614657e-01 -2.840289371524876705e-01 5.180818053056741590e-01 2.178519630468316870e-01 -2.286727961280360377e-01 2.060270121455662906e-01
-6.139128628074905780e-01 2.279960663520218256e-01 5.519585432513146595e-01 -2.271898896866139939e-01 3.379633058096005449e-01 1.058815054295741520e+00 -1.228792631291041548e+00 8.463706482451210586e-03 -5.258430121606549879e-01 1.639990519313152539e+00
6.148788812662926428e-01 5.412327716022522633e-02 4.170289090434598639e-02 1.451749984151165518e-01 7.813106460744336790e-01 -7.817996794180659403e-01 -1.826612156513671625e-03 3.776393212624872681e-02 -1.319661988278290204e-02 -3.996306525146657296e-01
-7.503087432141759827e-02 7.712752713608799215e-01 2.061488679100247634e-01 3.492272597938221312e-01 2.961670948892307642e-01 -7.669282934368009119e-01 6.605862952136374311e-01 2.099343338371980339e-01 2.305052607752578753e-01 -3.858913162206685787e-01
-2.164588026062509718e-02 1.321233546449991803e+00 -1.544977179417206248e-01 1.206730990957785299e-01 3.673601825694746692e-01 -1.266175209117801626e-01 -9.095997814736656029e-01 -4.604144475330510661e-02 6.410517615063680841e-02 -6.779590205729743024e-01
2.861388208078920470e-01 -6.125610966279764202e-01 5.527485946880760226e-01 2.833359105947242385e-01 -4.436311010388125919e-01 4.356543137388447229e-01 -6.976490320277021207e-01 -3.377477361107355386e-02 9.852482052427437298e-02 4.556639044350745960e-01
-2.284156253983924967e-01 1.245790992022505206e+00 -2.699718126693556042e-01 8.562585860181913533e-02 6.856475506857501179e-01 -4.827331403238666052e-01 3.999748937818800587e-01 1.362768498161320285e-01 5.677256950042747219e-01 3.802953329331575372e-01
-9.944912114361971478e-02 5.553978585646316413e-01 -2.170738243727710071e-01 -4.673031718697223114e-01 8.355364094366059258e-02 -4.836626538700063843e-02 -7.387141170807924873e-01 -7.260191462267247264e-02 -5.320772507226139147e-01 8.385117971589646224e-01
1.045133477057225424e-01 7.341815803468506596e-01 6.110062002935138376e-02 -5.840657204942134410e-03 -6.198311480899206805e-01 -8.100069244100132071e-01 1.846917699584870245e-02 8.021903364481851317e-02 -1.907526493107966070e-01 -7.242574854470648082e-01
6.285522293024245477e-02 -6.615489073406461973e-01 -6.780154225781128696e-01 1.939182404451709751e-01 -7.466889029879770767e-01 -3.541339864902276480e-01 2.709121162170725072e-01 1.131548103399811350e-01 -3.295915716665116790e-02 4.854294170605435998e-02
7.652143378899916026e-01 -4.997232736725495394e-01 -4.428078107220023707e-01 -2.274323312394377350e-01 5.529299256298164655e-01 -9.851203136330585197e-01 4.228871313230447848e-02 9.272964282682280221e-03 8.825997547728155201e-02 -1.530647082791131430e-01
1.209384821451541664e-01 -5.842210170992631069e-01 -6.948842468895173596e-02 2.262006719720309131e-02 8.614157468219576508e-01 -1.348653580837025079e-01 1.088483680537688070e+00 2.584809999715010839e-02 8.265590116474197391e-02 5.270924816943679536e-01
-5.155572889852444440e-01 -9.461384107559712708e-01 -3.327224029507365177e-01 5.857088702016749471e-01 5.742987039495708323e-01 -1.298288417118707017e-01 4.097576345634705297e-01 -2.609694517499696054e-01 3.201190087337613677e-01 7.500420807143878266e-01
-2.200033143918026235e-01 -3.652514496564647772e-01 -8.508016713075550186e-01 5.972259719281933915e-02 -2.672787341168617603e-01 -4.172671499705141174e-01 2.050955206167345279e-01 -5.789014264479815097e-02 -1.010676138168989935e-01 6.961800379380632675e-01
-4.932301691593962700e-01 -1.064836920605705985e-02 2.727158390569093260e-01 -2.698698021184599005e-01 -1.095564126673512495e-01 -1.949989753560542327e-01 1.073318181974675545e+00 1.110707220004548273e-01 -7.524836372295483355e-02 -5.305450987746940239e-01
-4.194449301969501165e-01 -8.473000886865363901e-01 2.184743566383658409e-01 5.834409413724526150e-01 3.335461604120367740e-01 1.091688232044460000e-01 2.972391420669878159e-01 -1.878726213310247806e-01 2.219077330633808520e-01 -1.732599769588767935e-01
-3.516833373207221558e-01 -3.634537911726279935e-01 2.620263030780842217e-01 5.243282584054197865e-02 5.103915283379733409e-02 -2.711991763087939766e-02 -1.578132165596551201e-02 -4.176063951838779320e-02 -2.786626137923430835e-01 -4.299890736032789262e-01
4.331097449837209568e-01 -1.045045892250624497e-01 -2.895503156620959917e-01 2.310834422684179129e-02 3.802341179087962986e-01 -9.495030817135009793e-02 -3.599359146848522539e-01 6.173146273904635273e-02 -2.196844163379066128e-01 4.996443613216631774e-01
-3.392862293923039618e-01 2.439058409451723974e-01 7.979696815216602568e-01 8.227399528685638841e-02 -2.038208332721557769e-01 9.507347996237779375e-01 -1.133182467301528940e+00 7.196733530655992361e-02 1.937686188860711922e-01 -8.801792660875930041e-01
3.489109877968033513e-01 1.016776656669791667e-01 -1.052704630027961885e-01 6.779664028462711878e-02 -1.647908307741935141e-01 2.103556811169338958e-01 7.419045106469761564e-01 -8.399420187520194314e-02 -2.847705495213211924e-01 4.539408327233405149e-01
-1.904960428722367316e-01 -4.368094111232283527e-01 -5.082991173849125965e-02 -1.387668618832748058e-01 2.209029515830983337e-01 -2.124161474914828540e-01 8.475103324237949209e-01 -1.064240323852054526e-02 -5.051913868178210115e-02 -4.619144315196301309e-01
1.763150928598545830e-01 -6.412717357354442704e-01 -1.786996686101566256e-01 2.713914792529278225e-02 5.775499020125313132e-01 -1.076068584674437223e-01 8.563286263768221662e-02 -9.427889524934750243e-02 1.555753437765772518e-01 -2.501109690316353218e-01
4.017453021282247350e-01 -8.167689633921149106e-01 -4.285328870135652335e-01 1.535100766460318067e-01 1.534507882072150831e-01 1.865259139381486020e-01 6.795158043469516906e-01 -1.197446645387841291e-01 2.316359586150412986e-01 2.279009942184069271e-01
-6.288764997230542608e-01 -2.302326354596222202e-01 -5.231829063966215998e-02 4.176182336316255350e-01 7.288214036610358715e-01 4.000334908315156257e-01 -1.296188316381771677e-01 -8.777963876878901173e-02 -1.315762341143444925e-01 8.717675484102109795e-01
8.212913719449014271e-01 -5.143627655383293806e-01 5.042445940435861251e-01 3.013586924078528462e-01 6.630701346841949562e-01 1.069627539429789803e-01 -5.266116429879480476e-01 1.227605447576770453e-01 1.302743032239256915e-01 1.011699095333153942e-01
1.569808198092902674e-01 -5.830884675701706321e-01 -2.437715946103268250e-01 -5.715027275213326041e-02 -1.346596830516122272e-02 1.081375300883307272e-01 8.086740041326724304e-01 -1.374065872310239189e-01 -5.942470812763636645e-02 2.735299022701440097e-01
1.695183992771805148e-01 -5.912746149854628541e-01 -3.558540641586832032e-01 9.722614706999325703e-04 3.664910502392070279e-01 -1.311701605713205820e-01 5.075845466071515766e-01 1.400801856593655026e-01 7.022163965901823124e-02 -4.784391902455100709e-01
-3.458227739888242724e-01 7.764779948043568081e-02 -7.914426229829678583e-01 -1.335053965686739674e-01 -5.486990066868348004e-01 1.962449233087062705e-01 3.351086479394079221e-01 -8.209554127748378005e-02 -7.886744415655343177e-02 -1.317712345223807369e-01
4.435358585075554472e-01 -7.042406397349152414e-01 -2.388355096193351679e-01 1.377473982178793743e-02 6.713924451812082472e-02 3.608966371316166266e-01 -3.512566593752303734e-01 -2.852819526046418593e-03 -3.252525431911801879e-01 3.717113397051525214e-01
6.330556342603771425e-02 1.670440140773420179e+00 -4.804359688218098334e-01 -9.589759391939893301e-04 1.597991464494815939e-01 4.027304233168510494e-01 -9.347329937063307559e-02 8.734735932022073823e-02 -9.489246697758600690e-02 1.463302350419615649e+00
-2.004059373128192281e-02 4.867841090171945440e-01 -1.428303107455146659e-01 -9.093797880931343836e-02 -4.716148593007773310e-02 -5.630345962351356315e-01 1.755818425007418471e+00 -4.332189749807721646e-02 -5.774912616291746348e-01 -2.947034677396432878e-01
-2.570222148087568104e-01 -5.168535031388284962e-01 -2.255937679741841506e-01 1.705309824784642103e-01 3.366039421311654567e-01 1.998115745944727684e-01 8.919419759512040025e-02 -4.372591184295979844e-02 1.378570565443328899e-01 1.174911037228893451e-01
-3.706476794256259935e-03 -4.824252983606662770e-01 8.386191196470445253e-02 5.194185557072764775e-02 3.838281609434888164e-01 -6.785071346700159989e-01 3.989394222165633108e-01 -2.489355575028347374e-03 2.993622245753890798e-01 -5.481029272794581964e-01
-4.935597821736906199e-01 8.783393909393331089e-01 8.709625580298829828e-02 3.294366989701116299e-01 3.970029110334600819e-01 -5.599443652172305663e-01 1.119261477383761694e+00 -9.464165823420672696e-02 1.770899841570612032e-01 -2.022147354226591920e-01
-2.176162257558288127e-02 -1.463583001158313135e-01 -4.524059129291790327e-01 -4.085720815640596637e-01 6.304014468760893442e-01 4.989797674570068953e-01 4.622593756519485231e-01 -6.274619311004896172e-02 5.843141171996745452e-03 1.117676835589059392e+00
-6.297812232496731166e-01 -2.983346417915254123e-01 3.491451540979730872e-01 3.257420993036783119e-01 2.180281046999920369e-01 -4.257105404872816301e-01 -2.097954197217178351e-01 -5.804209654762702841e-02 -2.968578051793077099e-01 6.803860482950660482e-02
-1.965684178581070807e-01 -4.907024782154806308e-01 -6.920646813380821882e-01 1.125153979565736012e-01 1.506504234239410267e-01 -7.413270627189996187e-01 1.940584137281440025e-01 1.416648631009599091e-01 2.880202570301737541e-01 3.262369618143586836e-01
-1.348457924754377368e-01 9.462288606498742149e-01 -9.986673893879615890e-03 4.245135740216434694e-01 1.954061773145092731e-02 4.511610453674469445e-02 -2.920072807667516979e-01 -7.104357699987336183e-02 -6.157341501317434296e-02 -6.443092832267858228e-01
-1.710737698547259433e-01 1.187448919995811369e+00 2.278559316308747251e-01 4.533236504864371352e-01 1.383882095995996320e-01 1.230608579016524359e-02 -8.472722645453576451e-01 -1.470550760698084991e-01 8.507874870900320949e-03 -4.914143009183458144e-01
-2.624676535508838615e-01 1.517017644687441158e-01 -2.903651738688818318e-01 -1.549142952288347641e-01 -1.003725059600036440e+00 -1.166149874059397781e-02 9.756870210424588574e-01 6.019997711264592211e-02 -1.849444667066998116e-01 4.625992774321332351e-02
-7.527790916938464916e-02 -1.990695124136726557e-01 1.721888813992766484e-02 -9.115281543008921239e-02 -9.310102481618656167e-01 -6.629155532602375167e-02 1.198861499738342662e+00 1.240303127369749570e-01 -3.668171044854802165e-01 2.410436586722300989e-01
8.080098724084635586e-01 -2.486637548426935962e-01 4.254881105663604998e-04 6.551319101270362821e-02 -1.111608052252555767e+00 -9.330943718299045120e-01 8.116167711225426296e-02 -1.573556820338367357e-01 -1.847213038676520369e-01 -1.005928852378635607e+00
4.756598123046693050e-01 -6.956787072509545977e-01 -3.965290307496506239e-01 1.404008882501550093e-01 -4.443741446862201627e-01 -6.108635690822779019e-01 5.376554608622344800e-01 -9.879125374528782699e-02 1.978751625340883225e-01 5.026156656963060021e-01
2.758476383043724500e-02 -2.463826827445583512e-01 5.580573167969807846e-01 -7.654018381388275061e-02 2.091275134363524690e-01 4.038303617467166040e-01 -3.962434108368786401e-01 -2.302810498685568807e-01 6.332216132996408564e-02 -1.777568073831208365e-02
-2.077819790253598864e-01 7.708718874395828480e-02 7.259493238003610072e-02 1.934755816440263398e-01 -5.727315327491669938e-01 7.184003573002119003e-01 -3.735035292355602665e-02 1.243647992876177333e-01 4.464658982932930842e-01 -1.984963413964597190e-01
-7.284516593999540435e-02 1.178585155245608806e+00 -7.702072559392425521e-01 2.640624993456746061e-01 7.080328144673997404e-02 -9.883307243983877610e-01 1.522856861288877095e-01 -4.406535136228931400e-03 6.976253750248490038e-01 -3.571342330725491075e-04
4.307974164447870846e-01 -2.390720521243136498e-01 1.139107460778580189e-01 -9.555886378482963961e-02 -4.142825550132054890e-01 -3.094972503800844654e-01 1.174593568434828955e-01 -4.812502060290430386e-03 9.527075982764512951e-02 4.698652280571150031e-01
3.497178240374519964e-01 1.236277911219047398e+00 -2.784552879826644456e-01 7.397868283019928826e-02 1.535071065485576480e-01 -3.166664647404604516e-01 3.173046534073816760e-01 1.482938040348465714e-01 1.285848420285986005e-01 -9.300650572936140781e-02
1.638920396351607467e-01 6.081957432558191337e-03 -1.598539496142648009e-01 -1.569184694444384631e-01 -3.980174107899007718e-01 -1.901515870495652516e-01 5.392083172748243225e-01 1.928426887794544055e-03 1.767984931681828853e-01 -8.400131977161644226e-02
-2.736990830558043708e-01 1.687344186162350046e-01 2.603947750099019354e-01 -3.054099080251999054e-01 1.732050924564342287e-01 -4.099050211228685292e-01 2.257439932014973782e-01 6.959944234029835641e-02 2.712704069645027055e-02 1.619218201672427249e+00
8.307897527354947131e-01 -2.358512968506720486e-01 -5.607365854643378000e-01 -1.764691809054995675e-01 -3.622278305228626150e-01 -1.250588350493216927e+00 -1.059672104554761768e-01 -3.834877100153245011e-01 4.716751123845998039e-01 -2.871050823321861199e-03
2.846017151273196322e-01 8.665085691547629310e-01 -1.209797599901096810e-01 3.030122452527438462e-02 -6.347432867817794921e-01 -3.073212758165311809e-01 1.209805987247881909e+00 5.124314683650660340e-02 -2.101173871033118756e-01 3.333359062891868008e-01
4.317707780241956117e-01 -7.389384858182217186e-02 3.995684807323680171e-02 3.220023179052629303e-02 -1.367226851083908623e-01 -1.208582020467599688e-01 -4.871863228703952192e-03 1.965302064531780357e-01 1.214442947825749852e-01 6.054713441110893823e-01
-2.557799762045210312e-01 7.205763135964515786e-02 3.927209177329810119e-01 -1.557292818716191907e-01 3.758165118015987516e-01 -6.613864992448746927e-01 -1.684889510470397589e+00 5.388861788674348396e-01 -4.354884562708249973e-02 5.933691140896674154e-01
6.522455683743534627e-02 1.037173287167324487e+00 3.433692699602730047e-01 3.558361162511118614e-02 1.993537971478259729e-01 -3.343507128719322985e-01 1.193370196236390290e+00 1.159889511891078057e-01 4.637714152761558961e-01 1.809802164955211234e-01
-3.211163453885125807e-01 2.880815995094608839e-01 -4.061914499427484726e-01 -4.101310639795638369e-01 -4.492656033064695853e-01 5.958884181291249638e-01 -1.045417991239600691e-02 -4.312299172887034543e-02 2.894449379046191706e-01 -6.349943136539007993e-01
-3.580932030799776622e-01 1.058468120323305395e-01 2.529117220275740596e-01 -2.538486352548179337e-01 -5.816492405641593422e-01 5.173402830541938835e-01 -1.391424182216349226e-01 -5.611521000575554752e-02 6.327907487942240339e-01 -4.862857436260148991e-01
1.257312420833235113e-02 1.480977642240670855e+00 4.092681697742037161e-01 -1.122529332295379711e-01 5.786383559941683519e-01 -3.102750880813204271e-01 1.160308059208013498e+00 3.293322394642742013e-02 -1.562832445783317037e-01 8.821464036985686707e-01
5.226416722982316632e-01 -2.434085538900024881e-01 -4.327163867707878864e-01 -7.072579842861470567e-02 4.950116691162681493e-02 -2.640142013296521983e-01 5.131079148583023164e-01 -3.549750380029131902e-01 1.678197801328981942e-01 1.138769130168367560e+00
2.409699320139131740e-01 -7.501333211182735494e-02 2.296376075716472787e-01 -5.634330026414493403e-02 -3.017824644076834151e-01 2.423183047285665248e-01 -6.153145080720046067e-01 -3.380051007793360984e-01 8.667960262500773450e-02 6.170619789267106550e-04
8.680690119216256939e-02 -1.709904957170678141e-01 2.478095576205009420e-01 6.359874129997079850e-02 -8.354771877637358346e-02 2.916416411185373536e-01 6.800737585864533585e-01 4.611019850778338980e-02 -8.276028298593340882e-02 2.048662534716957917e-01
1.483376549030385738e-01 6.395218923096590569e-01 1.622995921078849713e-01 -1.551939649147412170e-01 -4.859198152300999579e-02 -1.951769655650571200e-01 6.761859240058843978e-01 2.303998490836503890e-02 1.953798355852816582e-01 9.059356677980134886e-01
-3.401016971807120925e-01 1.629456434691632927e-01 -2.967305714642321998e-02 -1.017851437589742669e-01 -3.098010617336869887e-01 9.695200353925013115e-01 2.435555761107729422e-01 6.171228624450114837e-03 5.772229557930720345e-01 -2.453555960068834751e-01
1.895153081410324569e-01 -6.540515255548428053e-01 -4.006335869926783144e-01 1.412609871053668309e-01 -6.042696275892058683e-02 -2.862457906544027542e-02 4.721877265129221790e-01 -2.838587209889086860e-01 2.530406559048419338e-02 6.853273798573519260e-01
-2.550844555220278531e-01 9.281969802966539840e-01 1.170996513283988127e+00 -1.534620072521414025e-01 7.267036510240849900e-02 -5.620419515567313118e-01 4.172097389612915985e-01 7.224248744951604351e-02 -3.504969778480961917e-01 -8.633419710897226595e-01
1.032687824918677305e-01 1.696904081806982767e-01 4.360135361954824429e-01 1.780745217710049538e-02 -5.584800077062543888e-01 -5.366676428946357547e-01 -5.027683538122726947e-01 -1.179679829403005031e-01 -2.620072784066929117e-01 -4.514106470025465168e-01
3.433941476554344674e-01 -4.829193774162950370e-01 1.892543539027656818e-01 -1.554557751960972956e-01 1.622613449710964828e-01 -2.439154539665008281e-01 6.265027451305945627e-01 -2.365448971815388088e-02 2.129434266762398609e-01 3.527673145783202791e-01
4.633674999995943677e-01 4.852928393231193543e-02 2.853993905238410012e-01 -3.702674192470979241e-03 -4.269959966943123186e-01 3.285343115487633359e-01 2.765881755267962649e-01 -2.471854532774847013e-01 1.265112860599778566e-01 -2.036901617608651849e-01
6.713022923504575745e-01 7.689094260887933963e-02 2.270595996513686265e-01 -1.856988631099469600e-01 -5.722923429446765686e-01 2.868136575380824671e-01 4.203177254527075690e-01 -2.623169674401299445e-01 2.522873296342031946e-01 1.081571438767733595e-01
-7.886091254211109736e-02 -1.110764874719342293e-02 3.170183659015067823e-01 1.911000642371041558e-01 -6.683034919631816173e-01 8.516190059625564635e-01 -8.707781999861458067e-02 1.374896282657113444e-02 5.149469483478724685e-01 -2.734024815197146421e-02
-6.259918390044276471e-02 -4.382636884764630758e-01 -2.923103205041253094e-01 1.246888710361257827e-02 -5.996001310460465916e-01 -2.243663590846422251e-01 5.402650479586180721e-01 8.406608570488990906e-02 1.623359565383599157e-01 9.178280730956289712e-02
5.790294236428101815e-01 -1.732926798113411104e-01 1.534487950388973010e-01 1.942680022905206583e-01 -7.732430044577314199e-01 6.817327957255041593e-01 -2.385243085770284988e-01 1.069179008987156398e-01 2.517105935392167093e-01 5.701099137357118485e-01
3.467201422510858833e-01 2.336946401635150994e-01 2.709465005025319881e-02 -2.418937623409248283e-01 -1.186026682986916381e+00 -7.583966807687069211e-01 3.937134052752041535e-01 -1.912256909263103655e-01 -4.785036055408520977e-02 8.720166053271873052e-02
-4.124708938955455872e-01 -7.814551238191722593e-01 -6.010851684591815569e-02 2.374503855930186758e-01 1.170751125022232442e-01 9.611617787821243042e-02 -3.584020739897231245e-02 -1.008054784267862179e-02 2.133287701908172795e-01 7.375769913420816559e-01
1.840137579377641996e-01 2.216234710608037776e-03 2.077840925603233191e-01 -1.575563474223245497e-01 -1.452034777141805455e-01 -1.726686677179303797e-01 -2.165281900085259115e-01 -1.003207182414858900e-01 2.062599911935492636e-01 -3.757819398991535387e-02
2.822950610687065959e-02 2.564161481704391732e-01 5.060113226998543823e-01 -2.158208343736887913e-01 4.351775258119718881e-01 -5.934045045262582585e-01 -1.858374637598755541e+00 1.198583913529826205e-02 4.543479272798689461e-03 -7.017782756748108808e-02
-6.756264186140276129e-02 -1.871509287025613713e-02 -8.390755342727644617e-03 2.741398951573780773e-01 2.883380335013299711e-01 2.834884974434448979e-01 -1.851695214395136513e-01 -1.538875656186355079e-01 9.226835721570054993e-02 1.101883935690382454e+00
-1.302253031038702324e-01 -4.745933591786410388e-01 -7.108919407359177989e-02 3.966898031198680119e-01 -4.615266642552938725e-01 3.616061179359561506e-01 7.009223937418986861e-01 -3.922894760873402720e-01 7.510258106910124021e-02 6.166069585719100576e-01
-8.816834626493964544e-01 3.376075797303146886e-01 1.108337187544225388e+00 5.159162259627426694e-01 -2.780049210628627310e-01 -5.031796469480808165e-01 6.170652025581159217e-01 -2.523929083264214723e-01 -1.045384395461773641e-01 -6.179982101709093900e-01
2.712922505067237242e-02 4.911860127121828179e-01 7.138719971347130544e-01 9.087353641151665884e-02 -1.140981555853760598e-01 9.811258208983885121e-01 -1.513643140980623247e+00 -1.295469539785992497e-01 2.609475261090981046e-01 -8.276174935278239886e-01
3.878887372888057961e-01 -1.388792887227494888e-01 2.622506895956338568e-01 -9.668512263959980202e-02 -7.439826457762880318e-01 4.187765110259025203e-01 -1.913901724586209926e-02 -1.434373054641908118e-01 1.028407030264458788e-01 5.788104985438718986e-01
4.264400502205737548e-02 -2.525678295453523403e-01 3.446912681875952122e-01 -2.888003830423917506e-01 -2.824308501648744585e-01 -6.920406353068350169e-01 1.707819409029106561e+00 2.976901249968932905e-02 -4.384112479955569186e-01 -2.021453637656361602e-01
-4.836407607159825539e-01 1.991565164722588488e-01 2.028006487883085573e-01 -2.535690893380556643e-01 -1.604964101198179116e-01 -1.050462791455226252e+00 -1.430290551599881610e+00 -1.133199727006379415e-01 2.659355936205632376e-01 6.487693616087386594e-01
4.859060794110018344e-01 -2.411906258693091165e-01 2.835196245140073623e-01 -1.368954049696290420e-01 2.407357296535602154e-01 -1.931883793978503294e-01 -6.334622821893112210e-01 -2.081658523622039181e-01 2.859165018582253137e-01 -3.134124755579541510e-01
1.167486282540405734e-01 3.325886981613082050e-01 3.233409024998597503e-01 1.166106120020011377e-01 -1.318359748818263899e+00 1.239728628327754489e-01 -3.288486913686980984e-01 3.065613367116943877e-01 -6.123668216430234734e-01 1.082598267142515169e+00
9.383600645532916840e-01 -4.739734886086892640e-01 5.095332466778150771e-01 2.825335827890775309e-01 -2.324037137290186628e-01 2.029533494755885736e-01 -4.342343520765963860e-01 -1.036202065297016500e-01 2.808527615065746219e-01 -8.681191237429369822e-02
2.487451763642954117e-01 8.811911526548048545e-01 5.974265809503113284e-02 2.929349963998895134e-02 -2.665737360206561490e-01 -5.168796237814608091e-02 5.904060444751916270e-01 2.788107703185193145e-02 -1.510235587230224497e-01 1.421886424666064519e-01
-3.107438908635302699e-01 -2.765063194796901214e-01 3.142410070491242213e-01 -2.182389898363798209e-01 -3.022282355482059368e-01 -4.812910174370726990e-02 2.051852060322651716e-01 9.924737762819826892e-02 -2.708438911752880304e-02 -3.516428761955581184e-01
1.172235971702993984e-01 -1.342886035407184486e-01 4.008215414443280777e-01 -5.109207671590382943e-02 -4.025524227537237709e-01 -5.360345475455039477e-01 1.580055151900584542e-01 1.914639615856511545e-01 8.615322487117330064e-02 1.115617456058536072e-02
-4.557990831841087775e-01 8.674747178019610871e-02 3.131194842591986660e-01 -2.368955879680388968e-02 -9.319911683584878315e-01 4.775400305845219351e-01 -4.102431557358550140e-01 1.846306791665005831e-01 6.089947954889932680e-01 -5.196296958754613726e-01
4.691148312714031321e-01 2.006848642305583408e-01 3.274267380380427306e-01 2.488874395202569090e-01 -5.452674747954289192e-01 -1.535596778755122793e-01 3.403615392648820515e-01 1.943243244652612112e-01 3.721479016727523292e-02 6.193614175365861341e-01
4.946572105267060260e-01 7.718426049448560977e-02 2.250196753680007711e-01 1.550024113023405758e-01 -1.535025363590397374e-01 2.391044594735489137e-01 -1.081370064441760537e+00 2.166903699517055693e-01 -5.614305753959989431e-01 8.392541674624243164e-01
-1.808228472119233765e-01 -2.987071535262657562e-01 5.827370138317913284e-01 -9.295266101016599891e-02 -3.799064104808562436e-02 6.253170606376207141e-01 3.880738294698768964e-01 -1.457404412186513905e-02 -1.533910446554978824e-01 8.500338576520092282e-01
7.112255366746510384e-03 4.069624708002354541e-01 2.681047292194113085e-01 -7.232948713376813332e-02 1.908233032724577505e-01 -8.901204288785080632e-01 -2.256473289149345529e-01 3.204242226211509448e-01 -5.346264343633998495e-01 5.209870201104908061e-01
-7.972223539986721397e-01 -1.465318194423521070e-01 4.770395184857039172e-01 -3.135447108200794392e-02 -1.075868273426049626e+00 -3.199516834277431609e-01 1.145970574578286882e+00 -6.481924613367473498e-02 -4.807869288960910370e-01 -4.650763725836417062e-01
-3.152413694326122728e-01 7.492045415589773105e-01 -3.272211136981101887e-01 -3.956928132106641849e-01 -6.673227587588438370e-01 8.235289681772677284e-01 -5.075681732685702885e-01 -8.189670130110116020e-02 5.472945533473623225e-01 -4.305274538906123105e-01
5.099965079746643370e-01 1.877812787665080196e-01 -2.084690222986479158e-01 -8.290381355486824144e-02 -6.647910041258942027e-01 9.348875572679732349e-01 -7.142318054559872176e-02 -1.731677421641509840e-01 3.313488192736045446e-01 -3.495863133951324642e-01
-5.860770677629170144e-01 4.454644493018525830e-01 4.940514283555950126e-01 -1.113362630663021907e-01 -8.280365216498049019e-01 7.255567711050674440e-01 -1.273886332172304403e+00 1.735872989856254711e-01 6.366821347568351053e-01 -9.734140455639632705e-01
-3.789296242773245726e-01 -2.991649947148258271e-01 2.183302372805632774e-01 7.999306647919672553e-02 -9.744910838964304656e-01 5.696939090661945482e-01 -2.627475745929564455e-01 7.552820280456751245e-01 1.559621583329791061e-01 -1.426333097193933398e-02
-1.909841781348987633e-01 9.324532909831972916e-01 6.423168308718691932e-01 5.847526558779683192e-01 3.848577164427336994e-01 -4.136523289866241015e-02 1.293938068577392020e+00 -3.918180832778277167e-02 1.865634435257541579e-01 1.935583112019651497e-01
8.525168299912634640e-02 -1.904161993272899811e-01 3.384164414436194313e-01 -2.027471461786072016e-01 3.721776621668080320e-01 2.300624399208023030e-01 -3.635764666438680015e-01 4.019955436842276297e-02 1.465208208507244869e-01 6.368121515983391490e-01
-4.496078632293931121e-01 -8.430087218362157520e-02 3.138004555619798297e-01 1.247252560332665350e-01 -1.026296788200682153e+00 2.669659197940965623e-01 -9.250992358714381636e-01 -1.118346977280155509e-02 6.861913357773653521e-01 -7.809720343179021862e-01
7.008312009087406258e-01 -7.434721936936640463e-02 1.249994145904513576e-01 4.938127623007125544e-02 -6.586888335847731479e-01 3.464006426305334951e-01 -2.928447116770165892e-01 -2.177161752211878853e-01 -1.486520887802420254e-01 1.652972371255517103e+00
5.983250323501712042e-01 -5.747269748114552934e-02 -9.508128178601996106e-02 -5.317655871624094206e-03 -2.422400499543729546e-01 -6.611694750358830808e-01 -7.090501038504254394e-01 -1.826993057877922544e-01 2.318203434223063963e-01 -9.088174144446352354e-02
-3.526398146449118975e-01 2.596926162058594764e-02 3.155850130125514297e-01 -8.442943734282301604e-02 -4.994947598215546680e-01 6.702315278217357841e-01 -3.452676464433190318e-01 9.350032171160940764e-02 6.079693791883302723e-01 -4.930258259541440147e-01
6.436732640524622795e-01 -7.467896786832568801e-02 5.306226435763035099e-01 -1.076794657874116656e-01 5.495065523617105596e-02 4.978296125380907711e-01 6.660662452045180981e-02 6.942395437292621027e-03 7.924130829153658295e-02 2.984568191662970160e-01
-4.589641121270593982e-01 6.233934186845537795e-01 4.477665092175388550e-01 -1.445028142963539208e-01 -6.372464776137511944e-01 -5.358489413385159050e-01 6.480791988581789953e-01 6.023663573264302629e-02 -8.236668130987613579e-02 -4.639773703143779682e-01
-8.268890387575638101e-01 3.405763096113084143e-01 3.358138746896284221e-01 -1.711503469554236934e-01 -1.017968296706589504e+00 3.622066413498057358e-01 -2.138045888112734549e-01 2.007384555221664590e-01 6.828377476449557504e-01 -2.338622774495313916e-01
1.633067303155238681e-01 -5.887569229476058430e-01 -2.790815744313004387e-01 -2.926368747655648528e-02 -8.383694591611944302e-01 -6.536816267645904066e-01 1.236416025110898161e-02 3.288906189339858566e-01 3.940665395012037941e-01 -5.061833964543970693e-02
