-1.220190127090699239e-01 1.034646044008194349e-01 4.897457999989395135e-03 -4.371017636280463137e-01 1.139637716344960472e+00 2.982241705308050772e-01 -7.902520246286109940e-01 -4.363868804727568662e-01 1.500214940970605038e-01 4.668421601196607873e-01 6.441978853963239646e-03 5.361509036010601026e-01 -5.865841188863050171e-01 2.179749233216122725e-02 -8.678082279360044282e-02 -5.729474890865560166e-01 1.043185285467778556e+00 -2.286342765473601824e-01 -7.200557983573412368e-01 5.857916287877025230e-01
-6.592076583293197956e-02 1.487600425438599661e-01 -3.638916245880066680e-02 -4.057125399530386867e-01 1.052633615222083430e+00 -2.094839076735587405e-02 -2.234951853306125780e-01 6.820916716331182350e-02 -8.171730433207720079e-01 5.480854145437260606e-03 -2.740800676412458725e-01 -3.225018463398947599e-01 -8.772534101548359331e-01 2.322014233660719962e-02 -4.348022562045245065e-02 -3.470861757537896386e-01 5.890386541892737027e-01 -1.241822135632288659e-01 3.855614271497661338e+00 9.779555782253390728e-02
-2.111622266803707404e-01 -3.202968561923068558e-01 -3.666910509872504248e-02 1.937077288523307295e-01 -3.923957843485881281e-01 5.782777273240659044e-01 1.906208566110193514e+00 -1.244325067303097693e-01 2.881571385751467429e-01 6.071114302697210308e-01 3.472155646768322335e-01 -1.365152480696214810e-02 4.736028440440842591e-01 -1.475165134248352106e-01 -1.158770705885902030e-01 4.671332611642564081e-01 -5.631314205811025486e-01 7.603324785345969006e-02 -4.399612166627602683e+00 3.082155570975069966e-02
2.512219573120960669e-01 6.820108644248012997e-01 1.572494722072220741e+00 -9.981787011124853420e-03 -5.298436759252745931e-01 1.597277562379785520e-02 -1.213533228650715279e-01 -7.312874879030375856e-03 2.166573073958558138e-01 4.124616676071289345e-01 1.426610879011014354e+00 1.043448689392093565e+00 -1.148893419085749823e+00 -6.433902981222558992e-01 1.054520750190381939e+00 -1.789962974385159278e+00 -9.075515282931582162e-01 7.700808723706109582e-01 1.020357027477007406e-01 -2.367572915558061819e+00
-1.963869224056765117e-01 -1.949197250208435817e+00 5.533145920177564570e-01 7.595260472618599323e-02 -4.578928505152637246e-02 1.764869653325830054e-02 1.371462754064998839e-02 -4.310416816128012640e-02 -3.561771052040380581e-01 4.634111242677284304e-02 -4.844732223130991389e-01 -2.844474100478408540e-01 -1.879708032662875672e-01 -6.470888630404633690e-02 -5.697838310654582683e-01 1.179906488074010662e+00 -5.081877006700643573e-01 1.253871496774723981e+00 2.518590630595773927e+00 -1.033799065130484696e+00
2.824216390803441917e-02 -1.784112553913702881e-01 5.323066390864088504e-01 -2.303396742702405464e-01 -1.662630110731930344e+00 -2.750191003054949790e-01 1.780758445967836612e-01 8.195427149948043832e-02 5.775394674296954745e-02 -3.195673032029594518e-02 7.398935152958711903e-02 -2.750492341283960473e-01 -2.551661279102329094e-01 9.912655409414362906e-02 4.833190400784947438e-01 4.863100049703137917e-01 -6.527065226991969338e-01 1.835658076388511362e-01 2.259634544190721739e-01 -2.354676244011858766e-01
1.265528714583095127e-01 2.606881148820487937e+00 9.536916871887773234e-03 -8.301047376625237950e-01 -6.059455509740373502e-01 -4.168018894499789240e-01 -9.164306325023805488e-01 -1.751493776056973095e+00 -2.229564096249920732e-02 1.977922335511856700e+00 4.025152105309124859e-03 1.626536445991252799e+00 -9.373653827608545708e-01 4.988506980995415785e-01 -1.003429233005328491e+00 5.516216039233134971e-01 7.349045965332087760e-02 -1.349340150435457408e-01 -1.391977687373351591e+00 2.284228972852346551e-01
-4.019755189840891751e-01 -2.318367432505157311e+00 6.427841004340749398e-02 -1.580911739573648500e+00 6.008299044277045642e-01 7.394656400053556400e-01 1.176037004932945829e+00 -4.651665090691662896e-01 -7.032093050914700605e-01 1.046505385020188861e-01 -1.737699820703301479e-01 1.522951710408641246e-01 -3.397365067236193248e-01 5.914535812658242575e-01 3.856283617465582902e-01 2.066932503100377960e-01 -1.569843994544862231e-01 1.755803278523953459e+00 -2.060511652565285429e-02 1.648841700388029019e-01
-2.150919827609137566e-02 3.685091460566578686e-02 -2.506021742768488325e-01 -2.459630647121146055e-02 -1.164297437064602425e+00 -5.406239311049326063e-02 1.121900026717344678e+00 -2.090208319322885699e-01 -7.014711854121705725e-01 -2.609936287740065586e-01 -4.619259134239971365e-01 -2.016653021136801949e-01 2.450132678424089827e-01 1.492476550328499796e-01 -5.992408646557091656e-02 1.571959489634209950e+00 -5.332580659182395433e-01 2.800101021358671061e-02 4.063117806400641796e-01 -4.613438769780551368e-02
-1.143257192026497955e-02 -1.490856443035586641e-02 -8.981462135290869675e-01 -5.442358324290530458e-01 -7.343889749957247526e-01 -5.870564704343953499e-01 -5.485504800417361215e-01 -9.902931441494220444e-01 1.131707626281178991e-01 -1.705900305058565269e-01 1.106695423548803292e-01 -4.906906486076791918e-01 2.686424614045123879e-02 9.782120841393464605e-01 1.143847165663858245e+00 -3.802330102342846470e-03 2.226787700459768177e-02 -1.371635408540435724e-02 2.476373467818518415e-02 8.275727279475928455e-01
2.688690291277864297e-01 -9.847215560752398122e-02 -1.849642970973914557e-01 1.051184409221901817e+00 4.052331995272744763e-02 -1.312704084196761600e-01 2.785339850600795364e-01 1.091113152398529351e+00 4.951213265994921509e-01 -1.424512923365976569e+00 1.028360328378499500e-01 -3.513026398458773264e-02 1.375697914867296090e+00 -5.703325409495388909e-01 1.824766116786070702e-01 -2.955119957648426054e-01 -7.360437375635558999e-01 -1.183783103425800620e-02 -2.276525001220594188e-02 -1.380052166885888054e+00
-8.556642714724515403e-03 7.387817531253982883e-01 -2.680905614762274167e-02 -7.077020577737264118e-02 -5.532914481504953852e-02 4.125944561038021735e-02 5.988931559001728355e-02 -1.473888215880014840e-01 -9.952637890583859726e-02 1.170837629432917693e+00 -5.382132716954666218e-01 -1.034406781983300272e+00 -1.215673298813652270e+00 -1.091469088487174582e-01 6.535866119078392877e-01 8.730214585896344248e-01 -3.476978399409950682e-01 -6.677827185950604982e-02 -1.585401582910289653e-01 1.558954789572032130e-02
1.756547194971973536e-01 2.558560608229301092e-01 -1.725548032990195657e-01 5.475856496953784847e-01 5.982923831522218849e-01 -4.421695787234848629e-02 1.802099684129930546e-02 9.827632764771611074e-01 -6.341762091398690793e-02 -1.176627736087154513e-01 1.281034747802648442e-02 2.802154449327576846e-01 3.142080891360894690e-02 -6.229995519777848934e-01 -3.579956185158604531e-02 5.362384114034082078e-03 -1.167764497707174665e-01 -1.103991705518112126e-01 3.016880272522065032e-01 -6.203545735447661968e-01
1.446625674585263477e-01 6.626997954827803516e-01 -6.250941229463279347e-01 9.721443746200201241e-01 3.889790015719343241e-01 -3.081082412443704455e-02 -5.357935852622667250e-01 4.722924259700061467e-01 6.280283411345634059e-01 2.002983193325373057e-01 -1.431471274128468252e-01 -4.841272265855267598e-02 7.289764625666945996e-02 -2.886304327862472818e-01 -9.409489133791013038e-02 -9.195280562814568404e-01 3.689226595219236016e-02 -2.193300456782444063e-01 -5.240062957645556796e-02 -8.156738566706112775e-03
-2.440063060238460979e-01 -7.738326495756356893e-01 6.468463315114000300e-01 1.296059678852460983e+00 1.784527983340177926e+00 5.556389630751982223e-01 -2.016020334692726124e+00 1.290832635637186643e+00 -3.337614339953643566e-02 -8.553602381790559664e-03 8.069682291775468266e-03 4.773146017536619712e-01 9.068891947384103425e-01 -8.501803512918066907e-01 -4.846036666199923237e-01 -6.985549154092376423e-01 1.047715539008441832e+00 3.483852291848424931e-01 -1.105096307411537332e-01 -4.663192565517226135e-02
-1.188886882644769015e-02 1.017243633041862161e+00 1.054154686813505992e-01 -8.838182503000272527e-01 -5.946214606355537668e-01 -3.616754022314340733e-01 1.389963033244720148e+00 -1.005075415130743527e-01 -6.878622352425989295e-02 -9.040418143444657606e-02 -7.187773045174250357e-04 -3.574337324866199705e-01 -1.964226211386809265e-02 1.916338523806674146e-02 5.364225151308119055e-02 2.618457224802603345e-01 -5.897076100222733430e-01 -3.438903408087719965e-02 -1.769845392202753220e-01 1.541746999101199500e-01
-4.405594557251100302e-02 -2.227528685033611566e+00 5.621836155601390717e-01 3.351586903840566567e-01 2.165057606834873069e-02 5.990833090864282617e-01 1.082173608244226370e+00 1.749561266931626280e-01 -8.893903479367817888e-02 6.288334379425076781e-01 -4.172244380834713023e-02 -6.316864695899970794e-01 -1.669782857419922079e-02 -1.180338113254415372e-01 -6.897636351859037784e-01 -2.547669357484639782e-02 5.353722785687382163e-02 4.353397772012868039e-01 -9.919411081628744242e-02 4.335067384942947050e-02
-6.188479007330974779e-01 -1.333869487185048996e-01 6.540219690629530680e-01 -1.370834782346466718e-01 -2.313401761168368542e-01 1.526017676397637857e+00 1.391229421610313155e+00 -2.766793287116479316e+00 2.676451192741040319e-02 7.105488403935968922e-01 5.465656896106918516e-02 -7.943314638491187907e-01 2.945072024581783451e-02 5.404539256428845251e-01 -3.420842535377929261e-01 -1.430118296630880970e+00 7.435656374055261697e-01 9.797485278708344125e-02 -2.298898855373338268e+00 2.176448370291753864e+00
3.757340247692825264e-02 -3.455025367015202686e+00 1.317748837256822181e-01 3.128322537733312370e-01 -6.165048266799793009e-01 -1.760602691183314472e-01 -8.676707771008557168e-01 4.974087089159081043e-01 5.436326999721821096e-01 -1.291048549990791994e+00 5.876193997479738779e-02 6.148610194949098023e-02 1.597817403140849191e+00 5.488942545645789650e-01 7.936641602654406769e-02 -1.195626227454140156e-01 1.268213889520841131e-01 -3.384316115487979726e-01 7.807661994213772605e-01 2.215425077094646533e-01
-3.871656263327466485e-02 -4.106255469806303071e-01 7.457257701810785511e-01 -6.869875563164671260e-03 1.464980454185302317e-01 5.030038422231301043e-01 1.423819515763773656e-02 3.280033667734022496e-02 -4.579531463165759098e-02 4.229180429915945227e-01 -2.837129120790526926e-02 1.997359354225305139e-01 1.726699502623157689e-01 -3.883862326784019714e-02 -2.046290648726390327e+00 1.223418646086510853e+00 -7.580423749511266962e-02 -7.055192383834338887e-01 -1.375835555162767676e+00 6.940216000656108664e-01
