5.889178713290398742e-02 -1.187317940389684690e-01 6.268321791937606080e-02 7.108303149631786666e-02 2.271647231947324208e+00 -1.014320584286547033e+00 5.186606655655757736e-01 -9.658559389055353106e-02 4.403970984186698079e-01 -1.378982512363760848e-01 -5.306258467337651025e-02 7.599383208325548589e-01 -6.328371998434125789e-01 1.111025400802465035e-01 -4.478304556129308889e-01 -2.811945628618572335e-01 -4.999683760535951205e-01 2.070256886524698137e-01 -7.831198676259670810e-02 -1.179484297439732154e+00
-9.996106499294206416e-02 -1.950320102107664169e-02 -1.190149075027213676e-01 1.052229754110768911e-01 -1.131921937190823346e+00 -6.530221936598047672e-02 9.158441903226560710e-02 -2.601801507930927015e-01 -1.000327895054425598e-01 2.761177880352768885e-02 3.974617748724458555e-02 6.620540403871985613e-02 -1.027799345251303731e-01 2.457706860242027946e-01 3.734257004067245145e-01 1.469529239351948513e-01 2.442655456574682749e-02 4.115712423758589172e-02 2.297599464540034386e-02 8.735089096730081978e-03
-2.610633265368404454e-01 -1.075292066386100698e-02 -5.385721396047142562e-02 -8.914596637929618206e-01 -2.514446462912333646e-01 -1.907376989175148529e-01 4.809579149933460029e-01 5.260715584714543702e-01 -1.379877813262352093e-02 -8.326192275745382398e-02 -5.038746540548003638e-01 1.438095799139492426e-02 -4.691759324206713488e-01 4.192252730496179997e-02 -6.065759300013591482e-02 1.339839069258927040e+00 -1.322313923855695794e-01 -5.199664709417159414e-02 -2.746641948235906683e-01 -5.810980103236734751e-02
-1.441757200181270349e-01 2.951695437368896946e-01 9.930980492466647824e-01 1.458483036762038276e-01 8.747990299257747682e-03 -8.525895755797265399e-03 8.702743604363050167e-02 1.027524803651051616e-01 -1.833313048398094169e-01 8.553840241330108729e-02 2.344513863013285640e-02 -5.399414754847426945e-01 -4.768902445011222180e-02 -4.331218824135598527e-02 -2.490022893699129769e-01 9.319547341515622280e-03 5.275198134946668116e-01 -8.110846969762448566e-01 -6.780093140007151242e-02 3.948342079322572640e-02
-1.991533948698022138e-01 4.964139458086666568e-01 3.494860423801842142e-01 1.229254086099833276e-01 -1.702625309716593316e-01 -3.692689831572002923e+00 -2.408182942225269851e-01 8.099405709890781235e-01 -1.536490307642205677e-01 -1.547947137779302595e+00 -1.550678589039276578e-01 3.449762159410420637e+00 3.233843530094871799e+00 -7.443730726026385192e-01 9.037569595803843225e-02 1.571639556379766045e+00 -4.013648211603233762e-02 2.200131166743303002e+00 -3.772832809806549864e-02 -2.419299336208726281e+00
1.170447086066519343e-01 3.080767078567253972e-02 -1.823144123110442383e+00 1.611938976721569938e+00 5.803619258502498157e-01 6.537637019786492198e-02 -1.335888892409248019e+00 -5.119092416841183879e-02 -2.542317123254183020e-01 -5.307887815403750098e-01 -5.532781165066099627e-01 1.077001548797237751e+00 7.758020391766693447e-01 -4.462305526447075260e-02 -5.794047405899287184e-02 1.969974771384671308e-01 2.798584242549516654e-01 6.949392490505869047e-01 8.988513332232082875e-02 7.257985126912425144e-01
1.816370954944438593e-02 -2.978908832967559484e-01 6.422163736090048813e-02 1.736382267198303686e-01 2.587429789870567820e-01 -9.435475051721152473e-02 8.895479050237428131e-01 1.974697291899507601e-01 -1.791323748942641458e-01 1.427615111033516460e+00 4.018232618915083820e-02 -9.941382407322497672e-01 -1.418861751706774477e-01 -8.190213153855838146e-02 7.575821945870118979e-02 3.275666750839873465e-01 2.548962357060969297e-01 -9.877067494751733401e-01 -4.140726966708800916e-01 -1.339284260547640715e-01
-1.654912781323465004e-02 9.276617649350291095e-02 -4.187098254932958286e-02 1.184161352267531532e-02 -2.702045917906450434e-01 -1.340617578304951651e+00 -2.425814311086479241e-02 -6.770801249485178808e-01 5.555251768208319119e-01 2.620744040895871318e+00 5.037881388078520040e-01 -1.579915743217659596e+00 -1.846714515428816150e-01 8.789065155875438462e-01 2.261635886817836283e-01 -1.265515960158065001e+00 4.818820762911881217e-01 -2.137718281166784084e+00 -2.305937093805103810e-01 2.421951621259717413e+00
2.838569258981872290e-01 1.462605742187728097e-01 1.743633888578784097e+00 6.275508886699930622e-02 2.269782361271040827e+00 3.112188199340044092e-01 -8.532752205224483077e-01 2.855922237509581629e-01 4.816481034277461659e-01 2.777300592344841834e-01 6.392585592735335748e-03 -5.770059127922557707e-01 2.771828668817536978e-01 -9.723689132394613965e-01 -1.041231865538192691e+00 -9.436228159366941703e-01 1.222222970150655709e-02 -3.364449064206851553e-02 1.099218714593765134e-01 -3.528839443671427482e-03
-7.039581288035555440e-02 1.278406293689074522e-03 1.927233743455936121e-01 1.429632158525720731e-01 1.791880040141363359e-02 3.678357533767225296e-01 6.578142503146497955e-01 4.634195011637151640e-01 -9.441149708553460418e-02 -3.105544028448623539e-01 -1.107941682162159186e-01 -6.417547565818414457e-01 -4.264378887951904978e-02 -5.421316493748373766e-01 -3.084998351469244726e-01 4.543631563427317777e-01 -1.423138452528494545e-02 2.312422350104104407e-01 -6.607477252543515756e-02 -3.320930180245854069e-02
6.405316235866461705e-01 2.819361302933279939e-02 -5.730482249865607169e-01 -2.739217761257140005e+00 -3.382471196444525763e+00 -8.762164190979600253e-02 -6.994935069659707905e-01 -2.170518163539035594e+00 3.848347649028318052e-01 -3.165000082287285355e-01 4.304321595829414537e-01 6.296220604386839614e-01 5.921468052118111780e-02 1.142936531255973387e+00 1.087656063656078143e+00 -5.940072426710036879e-01 2.213744521058961245e-01 -1.154337384782803122e-01 2.361676917824141464e-01 2.222302695679089002e+00
-1.289396462561589685e+00 -3.110454291837467730e-03 -1.020844977142047888e-01 -1.008632315840609674e-02 -2.740959470418506960e-01 -2.028365701608691563e+00 -1.441250664244857482e+00 2.211751531688216144e+00 1.639183095926611544e-01 -5.018832616495823122e-03 2.112623750956891047e-02 3.025230333255876314e+00 -2.136123004234604106e-01 1.137829572686003043e+00 1.945897110321440915e-01 -7.100009659204070678e-01 -8.156737469300458232e-02 2.486285389875408924e+00 5.987056978844750715e-02 -1.538847409464170646e+00
-9.100036940452527201e-03 4.056840838997476106e-02 6.607252432656463004e-01 -1.536057354940923159e-01 -6.202808312401117408e-02 2.884536955366991950e-01 1.937796621114275808e-01 2.750624598906887264e-01 2.120205294941718971e-02 -3.539804949330461747e-01 2.893387536531512663e-03 -3.673100612759281902e-01 -5.948837344340258682e-01 -1.674594940656634057e-01 -2.986981811257628516e-01 -1.926848530824425976e-01 1.635372412654360064e-01 4.838097424161392768e-01 -1.294519665002477962e-02 -1.364008609452627696e-01
-1.249183655192666609e-01 -8.738065737414908718e-02 1.722652190675001638e+00 3.013476335336472967e-01 -2.374029935370702837e+00 2.718098233635587446e-01 -8.191500576571784098e-01 6.913947758835341240e-02 -5.125621288115919105e-01 5.874653961205667657e-02 6.394781640788768096e-01 -5.619563515932354814e-02 1.134737558563206905e+00 3.946384326542101001e-02 4.572017312814234957e-01 -6.134545619708249298e-01 4.949658423413420549e-01 -1.611824868375024422e-01 -3.188058415276428387e-02 4.826220316878384459e-02
-1.033220624588358089e-01 -3.549339964221387422e-02 -2.780424437320383024e+00 -2.644479863446698442e-02 1.317410444875039173e-02 3.699077735674269340e-02 -7.199938775991240880e-02 6.021295380292098626e-02 1.855774769123003098e-01 8.710172526790505021e-01 -3.151897012713340551e-01 -2.259398390870237250e-01 1.544336222388429346e-02 3.465597978404117985e-01 7.050060956041433180e-02 2.823978768430285280e-01 9.323681787148447447e-03 4.437073320594426412e-02 7.175910438403192149e-02 2.126597719420257437e+00
7.964055038599961167e-02 -1.619354429379322446e-01 -7.915135077731754176e-01 -1.827975394861297009e-01 -1.423570061692515543e+00 5.673801571346410721e-01 -5.717007182186846503e-02 -9.283203139200240095e-01 -2.702876687657478419e-02 -8.751858365137881249e-03 -2.752026001649670803e-02 7.639510272980212791e-02 -3.267472589001681887e-02 -3.232833594248694237e-02 5.339579556643553326e-01 -9.258162632621030549e-03 2.304586098364987956e-01 1.554528162215184639e-01 2.450396803240706346e-04 1.387022965613773806e+00
4.438526340716585361e-01 -2.470785064527798378e-02 5.055708450102106566e-01 2.071371073097331372e+00 2.494421211243932623e-01 -1.547310422575055577e+00 1.000738842670419126e+00 8.859821179059162999e-02 -4.697505168659023567e-01 1.131126800875539296e+00 4.758273688335355224e-03 -6.776455668558227681e-03 -3.771522816535581857e-01 -4.153453920088587964e-02 -5.815498577093473898e-02 9.100627684892792502e-02 5.437034787413793646e-01 -1.689265132502914823e-01 -4.453758256358771317e-01 -1.818800501150301452e+00
-1.576118233587154305e-01 -1.509505626127560507e-01 7.603995095599264120e-01 8.344801201160127746e-02 1.076374201112915818e+00 -2.084118270850655527e-02 -3.604347384720504310e-01 -4.839248629978488703e-01 -4.328043839107102997e-01 -9.901988231760197046e-01 3.981139354852939460e-01 3.659099253114854178e-01 2.646983973303319804e+00 -7.468194844673483601e-01 9.295487360538821908e-02 1.329465131600368943e+00 -3.380770315381421143e-01 -8.934352956459253037e-02 4.576998348593334653e-01 -2.524376202464527097e+00
2.907401021882186076e-01 -1.203342893777093470e-01 -5.837915884651641296e-02 2.394051073676723984e+00 -1.276216202816283563e+00 8.652242696949770384e-02 4.537998177779554304e-02 -8.543588627958671466e-01 -4.430287168141856524e-01 2.559266662509310578e-02 3.613496205855174503e-01 1.825914690512879524e-01 -1.466493102101980250e+00 3.225013519436627507e-01 1.549169545797767222e-01 -8.206332825601578840e-01 5.560121280291668855e-01 -5.343555085637823054e-02 -8.036025519749484536e-02 2.348853296212524422e-01
-3.693068816336386728e-01 8.807689497732078265e-02 2.450360546837728304e+00 -5.142389190755212308e-02 -4.580220687376163613e-01 2.461454194655463834e-01 1.473490223390212739e+00 6.179396584998790576e-02 -3.144161745873186309e-01 -5.760901294951543961e-02 -2.754273558588688983e-02 -5.696115217227212257e-01 1.621004672596900731e+00 -1.250503625610417835e+00 3.449896711272490979e-01 8.508659222441705694e-02 -2.430665217225521646e-01 2.082487513623283437e-01 -2.169983939320077604e-01 -1.277919639216565484e+00
