6.527553608573667676e-02 -4.915494430406860960e-01 2.305768797164023387e-01 -7.380865427174716775e-02 7.947537396227791207e-02 -2.498305924830401259e-01 4.467010700091960523e-02 7.650764845962423899e-02 1.284337655380195058e-02 -1.409477660716820235e-01
-2.385899053640681555e-01 1.394534480807315541e-02 8.475072424378083946e-01 -3.546563235738298125e-01 -1.081819404633035109e-01 -1.616450688514923240e-01 -1.457026382706213749e-02 -3.357418360848928029e-02 1.877398690963310302e-01 5.237305279961084088e-03
2.126596077531015816e-01 -1.246245438814385237e-01 5.440829318633678691e-01 2.170475924037313653e-01 3.582646939533261354e-02 -6.209811021168119005e-01 4.488330879881028725e-03 -2.885370471099716130e-02 -3.834353915900705068e-01 -5.702106558502951367e-02
8.345862245200517948e-02 -1.947673184785307099e-01 6.329953390047728945e-01 -2.256134405202905174e-02 1.387516768783795401e-02 -1.282401999367969725e-01 -2.023055559904035627e-01 5.472581705941165567e-03 3.120793835919646320e-01 1.905973845023649187e-03
-1.166218688944043319e-01 -4.785710188924720276e-02 9.675507811977160366e-02 -1.197045026443781107e-01 1.443223115212850967e-02 -1.274540575319124507e-02 -4.936727609493198748e-02 4.302669289203209235e-01 6.971148208755336695e-01 -2.487648194407253155e-01
-7.248299153313333409e-01 1.587439228723935392e+00 1.469729567298442952e+00 -8.065992595400670595e-01 -8.287631940379681650e-01 1.068574886641184413e-01 5.816327190435701677e-01 2.248463390305707743e-02 -2.167299408722390130e-01 -4.381247127008648934e-01
-2.269655311939579312e-02 -9.189098946192013340e-02 -1.366119749346222760e-02 7.858398292632856608e-02 9.749934165978541012e-02 -3.062034428420818966e-01 1.057594338261134415e-01 -1.404829681650073825e-01 2.422062533850457069e-02 3.758254557230004261e-02
3.098827464497735940e-02 -2.149500447904331979e-01 8.845170539490090911e-02 1.829013625163504464e-02 -1.321829515670471245e-01 7.077253021791818366e-02 3.480866380343102251e-01 3.321331517859149596e-01 6.988876024759983485e-01 -5.456777867863948916e-01
2.744887153660255374e-02 3.678727639459951626e-01 4.479624615156818646e-01 3.608054625623655087e-02 -5.652481926492630704e-02 1.883916805562717567e-01 -5.259325789717521626e-01 4.395910138968288361e-02 2.334741927413003584e-02 6.238025662535367361e-02
2.878143382082320968e-04 -9.768059151182230306e-04 -8.312176952164807009e-02 2.745758201451179228e-02 -2.522925952060187799e-02 4.857075145709695979e-02 6.218835257649447945e-02 -3.678422967727356524e-02 -3.692286588396766489e-01 -1.883610795512396813e-03
