6654
8997
4851
10397
2475
8454
7027
55193
10274
5291
5984
675
259266
63967
4893
865
790
8880
55749
6421
23305
6009
5079
673
545
6789
3105
3936
2335
60
4481
5742
5931
3312
1665
57122
466
9439
1654
2064
51755
9862
10564
1213
9908
9871
4928
8289
2521
207
1108
3054
9968
6794
10043
10076
6597
1981
10963
4771
4627
57591
2068
6709
23152
7157
2874
9869
8394
8242
4849
8085
79784
91
200958
9817
10498
10735
23499
2033
29072
55870
10664
57522
471
8503
79718
64324
2909
9967
84295
23512
3845
4040
841
4297
23269
192669
3417
48
6453
2122
9314
54510
79987
7048
7812
6934
23266
1956
4629
3131
5295
55294
80205
861
5590
54880
999
288
5925
1997
4149
27125
9950
4929
9716
27086
55914
4602
2625
3169
4214
6926
831
677
4853
79026
54796
5046
7204
659
23451
2322
2186
3842
1456
4763
1027
10181
196528
10142
9611
6416
23122
1974
406
1964
6103
6655
