1.384350531934095407e+00 1.321561509130467549e+00 1.617879127935805683e-01 1.581114784593319555e+00 5.753997712895392302e-01
2.838281050811629402e+00 4.431009423468793562e-01 3.960415403888176700e-01 3.686508660854306285e-01 1.867850933531672863e-01
4.579094289120619332e-01 5.895917454325204643e-01 2.138388238125687180e-01 2.733777948072959596e+00 2.630686301232844637e-01
1.576129999969634099e+00 6.010749571067016683e-01 6.449119871065446263e-01 8.922643515950070547e-01 1.093816861494989467e+00
8.648848469828136487e-01 9.190813287019089506e-01 1.110267561359131461e-01 2.877030331587582812e-01 6.179964621052448648e-02
5.182780917807583432e-01 9.093183450781591182e-01 9.899886665201943492e-01 1.264365812113417586e+00 2.369193826615710319e-01
8.904065487259671396e-01 3.631319478859126315e-01 2.342018927890723301e-01 2.925032110892849424e+00 3.436696415579566510e-01
4.112017968870696483e-01 7.466285642042194137e-01 3.005806512228938465e-01 2.547122670531385857e+00 1.616576769275614445e-01
1.808329630747475658e+00 5.160834171173973584e-01 2.614015256348150573e-01 1.723482693691606560e+00 3.967668091522466023e-01
4.470446913596640703e-01 1.454539679235161254e+00 4.348060016032208597e-01 4.578180277870672610e-01 3.206842617812615259e-01
6.051291083995584685e-01 1.490958407753838477e-01 9.009619600144033180e-01 2.239884724297321661e+00 5.605548464734979586e-01
1.549792118386621453e+00 2.528559037950167676e-01 2.560260404678304513e-01 2.304144141241752042e+00 1.160331489027233154e+00
1.325423539794475136e+00 7.587269168337132941e-01 8.924724514908148887e-01 2.736534339191522558e-01 2.597491572536330673e-01
2.539991572759821570e-01 4.605248582038137251e-01 1.093096327968023473e+00 7.092150801166996477e-01 2.766224316827797236e-01
2.682527812866060124e+00 1.974544012697785900e-01 5.352419103916878917e-01 7.232078792892101538e-01 4.090810746803848486e-01
5.965350822555521848e-01 2.416504312039026714e-01 1.714160606255152319e-01 9.611603948005601472e-01 1.993679749050802030e+00
5.023982640417855583e-01 1.363067690763248851e+00 6.183026966226259358e-01 2.497641924661675450e-01 2.193712583034576336e-01
2.101291959337001636e-01 1.058596869984108846e+00 9.316764863768820515e-01 1.094707463642182299e+00 2.962128364347923482e-01
3.161820725702026991e+00 5.030294661662363387e-01 6.496271211374079479e-01 3.758657967843377912e-01 3.187658844496868427e-01
9.158092688870256293e-01 1.862192437056888195e-01 3.756695539219695457e-01 2.467906199467289063e+00 2.844152081602551729e-01
7.279287037358704859e-01 8.504061831037825758e-01 4.363919489973508981e-01 1.848519294948779201e+00 3.184846342032577327e-01
1.777593499380994757e+00 4.865326868293990970e-01 3.332378056791812093e-01 1.199855942354437044e+00 1.617570642922855573e+00
1.231556036983910030e+00 1.005085302745790887e+00 1.690882138060216811e-01 1.629248821414838400e+00 3.495224071619786321e-01
2.323015440799497122e-01 7.918350891345581344e-01 1.108659359579030834e+00 7.650898791828859569e-01 1.377877720687164409e+00
6.605316299206541730e-01 2.890187597703393618e-01 9.884914181194807137e-01 1.424519155754808697e+00 2.999948647584431138e-01
1.199671196597195344e+00 7.466770420100037331e-01 3.054284614671252118e-01 1.909945633941563248e+00 3.946809582601077393e-01
1.544080424710748467e+00 1.750107884849096962e-01 3.370815274299320263e-01 1.020714377021844532e+00 1.834532505834526983e+00
5.020230281862344546e-01 3.158574848244272149e-01 1.111434046530261455e+00 1.578987584542895783e+00 2.433856401188991270e-01
8.364378118943784912e-01 8.033851394599805795e-01 2.386459917430265032e-01 2.579127733037380299e+00 3.714196930158809584e-01
3.001797981971154883e-01 9.565217081975511126e-01 8.994818514138213095e-01 5.825771884083675856e-01 6.513869808420371665e-01
3.959075415842950862e-01 3.482022283692641773e-01 1.443418064650765720e+00 7.236766993867913556e-01 2.751793942053878395e-01
6.382741533776117304e-01 9.338346499330105743e-01 8.938362045026733427e-02 2.738438812342549156e+00 1.493428254339869143e-01
7.302267927430255989e-01 8.062761836843972407e-01 1.487723398881908854e-01 2.720765050529111218e+00 6.943957102833763217e-01
3.305072637162429494e+00 2.593614571315452921e-01 5.520077585210400040e-01 6.838054344726761657e-01 5.956758685011708243e-01
3.141856017381992050e-01 1.091209865591143080e+00 3.492172717529511972e-01 5.059243520002767447e-01 3.472873241011150691e-01
1.376437307621578343e+00 2.769839864550390218e-01 1.125747695786074143e+00 4.681244735685784475e-01 4.357921682016242526e-01
1.729477747888001904e+00 1.656351066446336284e-01 4.465229454567000711e-01 1.377459253088076707e+00 9.669659172792973711e-01
3.362821250907056525e-01 4.779488826719615058e-01 8.864302841265931932e-01 9.217435695288248576e-01 2.016610434549458652e+00
2.104385667113407354e+00 1.852441188183259757e-01 9.692044441202287697e-01 9.976907846000578894e-01 8.786009200095742377e-01
2.920957086062025532e+00 9.025675962129915408e-01 1.085912273665896877e-01 2.938762832115485724e-01 9.930258782786767213e-01
4.044508926604902799e-01 1.244793553910682471e-01 2.101369495589351932e-01 3.143401623265166922e+00 9.249359567953441275e-01
1.006520389650601421e+00 1.335659689778022630e-01 5.419034695733518925e-01 2.181572340850251646e+00 1.489963541144997627e+00
1.071364057731083896e+00 1.324509883336677796e-01 1.084671555552571887e+00 3.491667121787719874e-01 5.349071541740341162e-01
1.021554846856272514e+00 1.116377290798984845e+00 1.914578204873230716e-01 2.241878139745362986e-01 1.283054975704071010e+00
4.630489188351503138e-01 5.786215886516951068e-01 8.415741513065467805e-01 1.868908465599788404e-01 1.470576230964951048e+00
3.122059945153695115e-01 1.407790837894808522e+00 5.427027618979967105e-01 7.935667051340095091e-01 2.449756637540975446e-01
2.134683434022582205e+00 9.355510227736690831e-01 6.737377224128348052e-01 4.315491092581176247e-01 1.973895987826027321e-01
3.705895303937735141e-01 7.493092620370404022e-01 4.438229126404821256e-01 1.013386016030728864e+00 5.098482756262929794e-01
3.436226864868160424e-01 4.336687050841959712e-01 3.926163351576531513e-01 2.168532370268969167e+00 4.876959205162223476e-01
1.401877993563171332e+00 1.874532158199825327e-01 1.206349252913157422e+00 6.355552711004616162e-01 1.707779644310862821e-01
2.266060767546759891e+00 5.301099531789319474e-01 1.383613930931623937e-01 9.817262305009395451e-01 5.172127237891579465e-01
1.398827881365876546e+00 1.615623761651795443e-01 1.232782192638851582e+00 4.969311183568069223e-01 1.238184198344563836e+00
1.842038883559141027e+00 4.482200561480048639e-01 1.102352333569797949e-01 1.662485617845667729e+00 8.837533346571619930e-01
2.072153022530503819e+00 6.824358675661599261e-01 6.256060625888105742e-01 7.074224848659248499e-01 1.372078139901246274e+00
1.821967500211828295e+00 2.499124874717088274e-01 4.975130050560612749e-01 1.731699113607352514e+00 5.063169589728271358e-01
2.877915334733107677e+00 2.934171175106521368e-01 1.593134608289442922e-01 1.267099192547862074e+00 8.634869562191258563e-01
1.465621399527328617e+00 1.732933288930028071e-01 2.386173724642444149e-01 2.761886857950728746e+00 4.432784188934273395e-01
8.658112449396855315e-01 3.931324592176838051e-01 1.559712636937971686e+00 6.436669348795491796e-01 2.743795457465280641e-01
2.708691799400028688e-01 1.075633275950447665e+00 1.158386181579565272e-01 1.617758866188514277e+00 5.482673465059745288e-01
2.077858777827364278e+00 2.612846388737006253e-01 8.173133281524085358e-01 1.994237340602118547e+00 5.678993822579389006e-01
5.689682130535067550e-01 7.507558507834291017e-01 2.662058381711728816e-01 1.875511685958738850e+00 3.787507298940895883e-01
2.198111974460324469e-01 1.059404899277822887e+00 1.027307494023091738e+00 2.451730584237542809e-01 3.844470047167879989e-01
4.008787645583905546e-01 1.655956121132926007e-01 1.188037638493231407e+00 1.005730512759129169e+00 4.684289761527068441e-01
2.897908434612740169e+00 2.937322985338018944e-01 6.727238594685640560e-01 3.295647943912645705e-01 9.910170629603631820e-01
9.135232329480633684e-01 8.943816814657423730e-02 8.138277870518242363e-01 1.413197035514663247e+00 1.982909185374817751e+00
9.459991880703491063e-01 1.327610205247041764e-01 1.446857249736167805e+00 6.981997977651338561e-01 2.527786557410211521e-01
1.786233675973904367e+00 1.025909410614068984e-01 7.403624704156145375e-01 1.361846349220802166e+00 9.062386970758575799e-01
2.035951165207612323e+00 1.216016999604154103e+00 1.481261408846310246e-01 8.071868233414765115e-01 8.355912325210992364e-01
8.406755230423417213e-01 2.408439166113352514e-01 1.059397562443534557e+00 5.040980399336217888e-01 1.611297232280401115e+00
5.011395232426362201e-01 6.631091470403382981e-02 1.359886625697240614e+00 6.006201079415526278e-01 2.294366787691272336e+00
9.739826235800705945e-01 7.746295467368099485e-01 8.506277151594334729e-01 8.872533265496178601e-01 1.439310529729127541e+00
3.387148355229180896e-01 4.495931415485319715e-01 5.640969633675169126e-01 1.914809066849105346e+00 1.085084464382414904e+00
6.571264056624848138e-01 5.592019635230488506e-01 3.416806137015996336e-01 2.729073825893223670e+00 2.886029108457818237e-01
3.216068827616879844e+00 9.365948992247389304e-01 1.890352871099243437e-01 4.039252711877788227e-01 8.554589551137560255e-01
2.640783844263807634e+00 2.038644257339345955e-01 2.987928233926307464e-01 9.735176470250117564e-01 1.631914643682196742e+00
2.548382242459835911e+00 1.509816243393943269e-01 2.977423620843211993e-01 5.295432503486187104e-01 2.354189708158270555e+00
1.896156153143827128e+00 1.205480743558136281e+00 3.677895121281383739e-01 2.645725518017140176e-01 9.250964704389659232e-01
1.560964853296642252e+00 3.950199643868138599e-01 2.667010867828428222e-01 2.420941900161023508e+00 1.558071755798388358e-01
2.229811654990371483e+00 1.193381206950902662e+00 8.129166778356697320e-02 3.399095881117077389e-01 3.869898845424254441e-01
9.199810781048016750e-01 8.859119682345120150e-01 7.693132868558560933e-01 3.476932967758560311e-01 1.414218400268080211e+00
6.520938403013522011e-01 1.139631684483541074e-01 7.773596334212438119e-01 1.850666760336795891e+00 6.612487168279607141e-01
2.904512199094729574e+00 4.817830148500035214e-01 5.027527658951241873e-01 5.482985917058376124e-01 1.836598861806945371e-01
1.674555353990973661e+00 3.313911106744015234e-01 2.560962375214979048e-01 1.707844127998724870e+00 1.416812831890786661e+00
1.207154450011156399e+00 9.959781581017906893e-01 3.701396534518267556e-01 1.456328830023355447e+00 1.071670687388410093e+00
9.221205603792611560e-01 1.162821512812897806e+00 2.106146109406826505e-01 1.681028351458487835e+00 2.667877584096635668e-01
2.388692067817649978e+00 3.899954987217896241e-01 6.768440608218279086e-01 3.266537270541925442e-01 1.697551648344632014e+00
1.291887796265415611e+00 1.196800355249587167e+00 1.506567078702462370e-01 5.087619616975527226e-01 2.701429341010361251e-01
1.427439392885130998e+00 3.842502987054485231e-01 1.769645851898763167e-01 2.417114718196220924e+00 2.994746976287943063e-01
1.990951984707879818e+00 2.246613698956070326e-01 1.132661329602967948e+00 2.257120092116772780e-01 2.237889087776991359e-01
3.071897110569191902e+00 4.909558019778231808e-01 1.429987108407146379e-01 6.297683183104643145e-01 1.197111431124972203e+00
8.244312045866886152e-01 3.312621923370372423e-01 3.214105090155331412e-01 2.596978076033598093e+00 3.905382437272643115e-01
5.568430270368736057e-01 1.055517570203277966e+00 3.041318067260216917e-01 9.431739261829076293e-01 1.879031062797640761e+00
5.947185128264637077e-01 1.517402923166577766e+00 2.038102783832214104e-01 1.029879643424881808e+00 8.208194897987917127e-01
1.210433876008172538e+00 2.371772318409927360e-01 5.472770600499210492e-01 2.852157507319776020e+00 4.037833043151540235e-01
3.033159926468268486e-01 3.488034995392931270e-01 3.106959044442325069e-01 3.066205294805578241e+00 6.516279630497607833e-01
1.311905401410165428e+00 1.112145439624471877e+00 1.961454687721378431e-01 2.270318918864764335e-01 1.200138019762891695e+00
1.410467487192498037e+00 2.062443122407364160e-01 7.950920191144306148e-01 7.084986908577348697e-01 1.329300476642608420e+00
2.763152487413939040e-01 1.171550550746663255e+00 4.948840566342381786e-01 2.517359903308830638e-01 4.373970566038051233e-01
7.147714638924795860e-01 9.027045360603287438e-01 1.119560354628544419e+00 6.131814000061014402e-01 4.336300857855667212e-01
1.732150173860732112e+00 7.980665383353300335e-01 2.027529676322024077e-01 1.696587646324974941e+00 1.514907749055516284e-01
3.274278156829978359e-01 7.316997352666532173e-01 5.599015448469831790e-01 1.801379387897085183e+00 8.607227299281008381e-01
1.225041650081492683e+00 3.648100118062259645e-01 8.184042425979619617e-01 2.270365120177587848e+00 7.814847615480863263e-01
1.272864316176911537e+00 1.468309855681037834e-01 1.157354545481350083e+00 3.627133726541592607e-01 1.686621708125223829e-01
1.273156017946415863e+00 9.434543023755483926e-01 5.383579302540209000e-01 6.635928227047296346e-01 1.038146857378251936e-01
5.501264900214992704e-01 1.171156213601881602e+00 2.920872885746962910e-01 1.942024263101839399e+00 3.084664781218814378e-01
9.300926000515463699e-01 3.757112537580104550e-01 4.446701509909452565e-01 2.510509021800277019e+00 3.075573339408761986e-01
2.236955889169082834e+00 6.004924886904311476e-01 4.842508010152165032e-01 6.830225854068158187e-01 4.986611072115323395e-01
2.580054134165725710e+00 2.791820070649250196e-01 2.756694541832573342e-01 1.505357747485188025e+00 1.946201322185625582e-01
1.129364113657771007e+00 4.749209404918570132e-01 5.187220889453471040e-01 1.978244233432783883e+00 1.481318229906305906e+00
3.901537335912692028e-01 1.149946726055692370e+00 1.669966971429741043e-01 2.264371445377464376e+00 1.894968501943623540e-01
1.006665174793484718e+00 5.379749429715621201e-01 8.854726971514159661e-01 5.649390148486828078e-01 1.616004295301912919e+00
1.864534292011063688e+00 5.699165394762251147e-01 1.510993928552037124e-01 1.493662244787115068e+00 1.588885458257677685e+00
1.798350323043133914e+00 9.778143726985784046e-01 9.709351177814969092e-02 2.853698200482802649e-01 2.038876015670067599e+00
5.793284035375616536e-01 8.035329381164316720e-01 2.907874580644883022e-01 1.500278545050639734e+00 2.124361369942124433e+00
2.008538180780260696e+00 4.097937572587642130e-01 5.682460894628748038e-01 1.108682394329624232e+00 8.688571927706021381e-01
5.840026466862713317e-01 7.797391687851964459e-01 1.876579233308332539e-01 1.897190231322320342e+00 1.896622225616876545e+00
2.743614936941261018e+00 4.037451331805580468e-01 2.401021824725368958e-01 4.898214889908570346e-01 1.025742184971141668e+00
2.990918662028135167e+00 2.513189587979063888e-01 1.863213268263395617e-01 4.939629405446159249e-01 1.504199110720099819e+00
3.853712082863620658e+00 2.942718841270748897e-01 2.204022132806625067e-01 6.126929675544061649e-01 3.193526927243516833e-01
5.090550259236827912e-01 7.868773489106434260e-01 5.547080975478226872e-01 1.614552250614056161e+00 1.288227867347540023e+00
6.463959474094422841e-01 2.259920871438317325e-01 1.255741083750177456e+00 8.341108280470035385e-01 5.903915432476736225e-01
1.803301793776134421e+00 1.097125330422361156e+00 3.947209699279932149e-01 6.393717192625798518e-01 3.683876298990653719e-01
1.637551519509752751e+00 7.791763748101994125e-01 4.890569066329993331e-01 4.866314091889771265e-01 1.251503163798945106e+00
5.822041824134120969e-01 5.611955558733929816e-01 1.295428940327475020e+00 4.827099803625913843e-01 1.087097082132982617e+00
2.314394307019485453e+00 4.652676575937845227e-01 7.716714761104686016e-01 4.914433667344296208e-01 1.516315653534416608e-01
1.067027804207514752e+00 1.637320889755933706e+00 1.887352432892786258e-01 5.414068548004052905e-01 1.664973398873171306e-01
1.026749419433894861e+00 1.453002183355699417e+00 1.771550793924155376e-01 8.579597205326845444e-01 6.088694906221563397e-01
3.339904646909606090e-01 1.319293626979585410e+00 5.370613602156673050e-01 1.117374447431018325e+00 2.702265894616026620e-01
1.876536311025422510e+00 5.632891569651947705e-01 1.957112377780572676e-01 1.940665874962117288e+00 2.356451932884184031e-01
2.127293243805381984e+00 3.845396687904480970e-01 5.205847877812238567e-01 1.159092562184653286e+00 1.008811197247885677e-01
4.307164388074883332e-01 9.727153452936805333e-01 9.083615123344129794e-01 1.300586470609987666e+00 4.508803700333640085e-01
4.036790781208760559e-01 1.007087740804617271e+00 2.002287560753445717e-01 2.609364898899556806e+00 2.342322228582198185e-01
4.945436565335160073e-01 2.089505727488746856e-01 6.845502134439193087e-01 1.702052042851312619e+00 1.647518989732490002e+00
9.571032062492970116e-01 1.413161403380269299e+00 2.112644707498620156e-01 4.664352906989009395e-01 1.863055536624010911e+00
1.322799937412030058e+00 6.977980281216258351e-01 3.490687162780058972e-01 1.970604660444931655e+00 2.322922534069351008e-01
4.455275418613163230e-01 2.184245048295408720e-01 1.309405852037830664e+00 4.640355837123480987e-01 3.612650476734477478e-01
2.991406473048039971e-01 1.191493753363810360e+00 2.105595297739108196e-01 2.270006699326436284e+00 6.948323108682041838e-01
1.996431774476302934e+00 1.167908935348685562e+00 8.024698969818799821e-02 4.183106892316313941e-01 1.330984093702931803e+00
4.327450472475378729e-01 3.112432078848405004e-01 1.351230206229631081e+00 9.148568400747066898e-01 3.064770391728972032e-01
1.196094528086583120e+00 1.176398250021185865e-01 3.611805351523995067e-01 2.330912787869075409e+00 1.960458218984711731e+00
1.983174605435149562e+00 2.688748585031214833e-01 3.805248248970874991e-01 1.720038680844433454e+00 6.497625858609136218e-01
3.266626220911815204e-01 7.233021774609321719e-02 1.511236460431699236e+00 1.515124784090386756e+00 4.051161594638350572e-01
4.687451887182320087e-01 2.461984743838410150e-01 1.338885461712836733e+00 7.367063144244168083e-01 4.414770978765072407e-01
2.318616566855609129e+00 3.467147972446692483e-01 5.690682829340013571e-01 5.439425196982616839e-01 1.427199019659432189e+00
1.208142019514979904e+00 5.008711891746085998e-01 9.613497139308726513e-01 1.478937818149538064e+00 2.580828661482008624e-01
6.518278488645583568e-01 3.734670321820595107e-01 1.025546454803941021e+00 1.349921278468110275e+00 1.239273822383130774e+00
3.695197869594094575e-01 9.397223755667075684e-01 1.106003365656929915e+00 2.108152401667239551e-01 4.114766224415064011e-01
1.756938659298546979e+00 2.137296577923649965e-01 2.201808267663440954e-01 1.827530015457561774e+00 9.915462101811007845e-01
1.255967562283605732e+00 1.344071685876723210e-01 1.104706018838415016e+00 1.808533548052902562e+00 4.571213900357263826e-01
1.753556798749315915e+00 1.207499848981046675e+00 1.753093977510681856e-01 2.618364200208465609e-01 6.347557967104162646e-01
4.326192153806245888e-01 5.543786711080376239e-01 1.469023662194433255e+00 5.136091866591244726e-01 1.002779956246502069e+00
2.236616775095348952e+00 1.021811699493549164e-01 2.039494013211816947e-01 1.912525124601940574e+00 8.021841634488605655e-01
2.130020985139899459e+00 2.540040912324782463e-01 1.841439506816025529e-01 2.439031394801443930e+00 2.653894344636191782e-01
8.729805408768085417e-01 1.112525313061471621e+00 2.060015113828077560e-01 4.603142771669495592e-01 1.505968796691365297e+00
8.821288978786521184e-01 9.264163135658147752e-01 1.060532816849107524e-01 1.780161004010782366e-01 1.726605778444333383e+00
1.189281619092194209e+00 4.081791288740538315e-01 5.740305416603870281e-01 2.096609437627015904e+00 3.527462693423673579e-01
1.058649350524404564e+00 1.063860140649196762e+00 7.994047304436523449e-01 3.091278786170630899e-01 1.034336922753155807e+00
1.542604747012277899e+00 9.509146611469614374e-01 1.577796966581346827e-01 1.408978376762174634e+00 3.085550751740973041e-01
4.212430960530982316e-01 1.509016407073660915e+00 1.348110586698998969e-01 2.461153439163128454e-01 1.194556997159784917e+00
1.167856093018354802e+00 1.519914060099359032e+00 3.923666383181803607e-01 3.436194472522294818e-01 2.192677864219011175e-01
1.004083530914067879e+00 3.852371795111403374e-01 1.557851558412394866e+00 4.231426687096339623e-01 2.370490885338079057e-01
3.886590722536457321e+00 3.369987215785006374e-01 2.576588215839613616e-01 2.363300075443680315e-01 6.418227406490765174e-01
1.978756589708129621e+00 2.596019935729150241e-01 2.347900476037957929e-01 2.310056473238038421e+00 1.077180043070595561e+00
3.087820822665793830e-01 5.079626887786181655e-01 4.257079859706864866e-01 2.667344388289977442e+00 1.112142922983788917e+00
1.450656229402902619e+00 3.451422830662993491e-01 6.794539905161879334e-01 1.614089495856185552e+00 2.684085680018287179e-01
1.924581500647809751e+00 8.721473576318462817e-02 5.677511844548600584e-01 1.153825526882606312e+00 1.565301627247948524e+00
3.292556322713210415e-01 3.193213598243350715e-01 1.980369549817898034e-01 1.279970164939662869e+00 2.655575298203516343e+00
1.193326739875462339e+00 4.978069249311251054e-01 1.516394784688299413e-01 2.719696928514812484e+00 2.030986934647963926e-01
1.503751615697845434e+00 3.466243997474653948e-01 5.647967904692305918e-01 8.897718582685275601e-01 5.191619529044537718e-01
9.174155700633074284e-01 2.869066388627666275e-01 3.291132592984787886e-01 2.523377164126701100e+00 8.253082972591279098e-01
9.945643315915336791e-01 8.698871514779049630e-01 3.465802861096529686e-01 1.721559617844097501e+00 2.595925541494758515e-01
6.193316583740315906e-01 2.151615142056194085e-01 2.818471217683608532e-01 2.774987822240258417e+00 7.962600245267770216e-01
9.925197356736870091e-01 3.196919084261710120e-01 3.798544523813239815e-01 2.958899371154664060e+00 1.477251933398222583e-01
6.186423156331628537e-01 5.459007412501465373e-01 3.708525503670607182e-01 2.068542893248051406e+00 1.450121426329329832e+00
2.037996795207301926e+00 3.865352626418271931e-01 8.042268162593785297e-01 3.024415405105095878e-01 1.355718017531703845e+00
1.004353387393519315e+00 1.656397045105871157e+00 4.179569406092376593e-01 3.765856290525243510e-01 3.566552222733920252e-01
2.799678035979885404e+00 8.576621314540133767e-01 2.782743501825899468e-01 2.955999036329143292e-01 9.917005697155707455e-01
2.401238194395054926e+00 7.409809384004047983e-01 4.909813604988861324e-01 1.687266334420909619e-01 7.441710661657616743e-01
4.324221531307491651e-01 7.988261799981694056e-01 5.933805859892011814e-01 7.026840420503550622e-01 2.175564904407244204e-01
1.011810614641559969e+00 2.578029626958969200e-01 5.598735792123163968e-01 4.900629125823768861e-01 1.653074199074211936e+00
2.500689984977702451e+00 1.524342523837148022e-01 3.930070975364227115e-01 1.802561263593781105e+00 2.874988961310199764e-01
1.363702871100864300e+00 5.709411711530733013e-01 1.070251020722182256e+00 2.655889700824887178e-01 1.130323713727182239e-01
3.169902481798884786e+00 2.637860947906097708e-01 4.166147964049645713e-01 1.657506958389145968e+00 2.394761516592217310e-01
1.247736231171292953e+00 1.139493443697412456e+00 9.206720015934800883e-02 1.026768429368585700e+00 1.538489102202205139e+00
6.700907734010288497e-01 4.670401777264873711e-01 2.978943406308209862e-01 4.218463576603412868e-01 4.123986266535152323e-01
3.673830786587004571e-01 5.648559061320792551e-01 1.008693606817300248e+00 7.313044848136747156e-01 1.113011347403888518e+00
1.143959587591997229e+00 2.176908566657390354e-01 1.568684819139807951e+00 4.250598050267425654e-01 1.091847453752776254e+00
1.131851309681358497e+00 4.681263705876883563e-01 1.884572475057047503e-01 2.535649932758677672e+00 6.381250531225466371e-01
6.596687448620904837e-01 1.053633003606142121e-01 1.276226226091706994e+00 1.052238578965773996e+00 7.949717854513882465e-01
8.505728961528505883e-01 3.884579977512749860e-01 1.240503376507462452e+00 1.845653988462763739e-01 1.433564704137513912e+00
4.653381831504416866e+00 1.411026037501425801e-01 2.750711706667783862e-01 6.171002649241231763e-01 8.271664191526536536e-01
5.785534085581787167e-01 9.990554070047814594e-01 7.512553845619378556e-01 7.003347537777220300e-01 1.347909193160065355e-01
3.066873603326547570e+00 2.305553701908508446e-01 3.153068648814143504e-01 1.434974186563961362e+00 4.048372706281351263e-01
1.948598887350759368e+00 9.109869371105598912e-01 2.866027698411170443e-01 6.674863634819754310e-01 3.601020500080758802e-01
1.934318864028676588e+00 4.934971757380235968e-01 9.012453609090685658e-02 1.032098923101370413e+00 2.088975357551661638e+00
7.372696772956166544e-01 6.154986214572721881e-01 2.311089044344226406e-01 1.174568037755424399e+00 2.168382490591131972e+00
1.093588590180126996e+00 2.380662558186762146e-01 1.447797569689152519e+00 8.345266297512783371e-01 8.762517889272576355e-01
9.192666365234591908e-01 6.729106919102357809e-01 2.552604538405875423e-01 1.373081892978142315e+00 1.381013282397998143e+00
3.521099612408770674e-01 1.038508627029138154e+00 1.668284284842118104e-01 1.621420386914603329e+00 1.923548469801790173e+00
1.983849195400303911e+00 6.526602867711465139e-01 2.190179318086621085e-01 7.301521432531634659e-01 1.767831172871598966e+00
2.206683334147159670e+00 6.136947729898822868e-01 1.457466077486598566e-01 6.050708018088057916e-01 4.108649381713606052e-01
1.221261172406935991e+00 3.638540296238825245e-01 8.896397725247926491e-01 6.400839645913547482e-01 1.690374272464756911e-01
5.567571811063132259e-01 5.379072400957908284e-01 1.061764163952457096e+00 3.996974459895556442e-01 7.222623947707835779e-01
4.866446165724800932e-01 9.493262467890511980e-01 1.132870437944519804e+00 9.709716549670150965e-01 1.882099640644822880e-01
8.274192722565402169e-01 1.199014678340119877e+00 2.146573813154623589e-01 2.189308309375053163e+00 2.892898840385456638e-01
1.158761227256819071e+00 7.620025602658203612e-01 3.519075539682267606e-01 1.431950604287136830e+00 1.396034284015593707e+00
2.097941049792596324e+00 1.088070523675112922e+00 2.939562024408576280e-01 4.988547547481100297e-01 1.458591192438494888e+00
1.162732338728939663e+00 9.129915255196603407e-01 4.220359237973608790e-01 1.599978112052687695e+00 2.732779902039215725e-01
1.580347651143539478e+00 5.239291394756842024e-01 4.878110151217830426e-01 1.799260736545182482e+00 2.003288502248101177e-01
3.223401668512063112e-01 1.022043766340485327e+00 9.163142842088737305e-01 2.194103194204536644e-01 2.201501238759220325e-01
9.479157265100812690e-01 9.192961544038924515e-01 7.373461925759601243e-01 3.608131162909616885e-01 1.016662638397298313e+00
2.266785930008017869e-01 9.946052586990443700e-01 1.088796402246632100e+00 6.574743340643462997e-01 2.541636740616063372e-01
1.678676659496750601e+00 7.564620268300583650e-01 2.867349095281305771e-01 1.892936728383042277e+00 8.648829675234702696e-01
8.023379022894747692e-01 4.007691319364930504e-01 8.212145905948334823e-01 4.432406584885946188e-01 6.866483558700658962e-01
1.203596542902622968e+00 3.175037505732567489e-01 2.713524353285138857e-01 2.323944977291742653e+00 1.685258599243180999e+00
3.731887805223437771e-01 5.878629476755812266e-01 9.045940688452285272e-01 3.558073349122482520e-01 1.170823061869042059e+00
1.854569840403801795e+00 7.479498429205564403e-01 1.228084622807683601e-01 2.708352679198381407e-01 3.725588855959669488e-01
8.049893936810459394e-01 9.754968865740837325e-01 4.479274893135841706e-01 1.194655938758816038e+00 2.914922037091062235e-01
3.004444792776483464e+00 3.094017374482825877e-01 3.472678577104881259e-01 8.985878647346098314e-01 7.985259701320621684e-01
9.675338754514758444e-01 1.059430402949189221e+00 5.841750559063787485e-01 1.100201698637280068e-01 1.304213292956929005e+00
1.253985954310352202e+00 1.422438197912367697e+00 1.373512449559258775e-01 5.143286834030056376e-01 1.248157555333108404e-01
1.089126750435801982e+00 1.395361880408251487e+00 1.683086016014890829e-01 1.230572496108016445e+00 6.211580067226615265e-01
3.469203683653764525e+00 2.243922270857320045e-01 2.157540479233420461e-01 9.449340703884804293e-01 1.304949255853849133e+00
1.231953481728398803e+00 1.285040959189497345e+00 2.995820100235095929e-01 6.404818483331925494e-01 1.393934812718575333e+00
1.114926215305286572e+00 9.147104887187398337e-01 8.448050623901062206e-01 4.403390536710542480e-01 7.433946735631118408e-01
1.683043945256935014e+00 1.881910346636575804e-01 1.121106783734287182e+00 9.227177027010593502e-01 2.550113560424099868e-01
1.486365888563837334e+00 4.765847280048348678e-01 4.107170784617918402e-01 1.225678142705588503e+00 1.882155573568998985e+00
6.635484138408677124e-01 1.198018366994793249e+00 3.108269277095660477e-01 1.613898598065389267e+00 1.400959939399526899e+00
9.650546163031525904e-01 2.901768231606119963e-01 6.478828554979673138e-01 1.192335732168829043e+00 2.457069481622154328e+00
1.762565488964557447e+00 1.970189264537184348e-01 3.799160989053550486e-01 2.155545092806312901e+00 3.394424855679513131e-01
3.451911517824166609e-01 4.474636165013048950e-01 8.243579260612842186e-01 1.329001676437875368e-01 2.334997678426776524e+00
1.484113725628696034e+00 8.954213980275707030e-01 3.348835698971331376e-01 1.073963777135587216e+00 1.211555811484572587e+00
8.043209029962243850e-01 1.350255018191529377e+00 1.487412919359638042e-01 4.868914764396354289e-01 9.520296868052771089e-01
2.666911918726601716e+00 3.304658869472336113e-01 1.444201117395999545e-01 5.825728785799000331e-01 8.882649775924074120e-01
1.109165365399004788e+00 5.349491651101453416e-01 9.506049781043011127e-01 1.131194821324311039e+00 7.685437370051013684e-01
1.898507675911139669e+00 3.468595369041456711e-01 3.343708395878238759e-01 1.468370856453933282e+00 7.300300926771047250e-01
2.480816510705996514e+00 2.798247980346156849e-01 4.005179850898776261e-01 3.421693866216158897e-01 1.956222391579753417e+00
1.606458500850406867e+00 1.098670673451339841e+00 6.616778264958397271e-01 3.890879479715440570e-01 1.144692483010592010e-01
6.337188631274901507e-01 1.262788476187883591e+00 6.887120687842590572e-01 7.297184829950192908e-01 4.436308919197395895e-01
3.789260792501850883e+00 1.121450224383597760e-01 3.600191375530812921e-01 4.713463864137433790e-01 1.027514699343571980e+00
1.592900427595843382e+00 6.778707111717093836e-01 2.119101899162647573e-01 1.144204348943228089e+00 2.408810822920778583e-01
3.800292250996093912e+00 1.865966181926387024e-01 3.896352214417976301e-01 6.193075721839012004e-01 4.785108827643848595e-01
2.421823209076462202e+00 7.265727620924276042e-01 4.418614554028336694e-01 5.582200451131169583e-01 1.082196308972311005e+00
9.886020316427759358e-01 1.775847091452770199e-01 1.513977882234839090e+00 8.418978182489998963e-01 2.154127734128551130e-01
1.727999424839930853e+00 7.642391802404773227e-01 4.992688146416437434e-01 4.914369122532286083e-01 7.350083009220931274e-01
1.233418386629083319e+00 2.545556037648280534e-01 1.316425367217172626e+00 8.746208435021127769e-01 7.493641331934700611e-01
4.366075930008658901e+00 2.908254929857508886e-01 2.418555884410647783e-01 2.531393433180174068e-01 6.993954763349881087e-01
2.452647043045814712e+00 7.133592580905941116e-02 1.533731016803321912e-01 1.917617005123641416e+00 2.996770152611891724e-01
1.188892052869439997e+00 8.776146147670818021e-01 5.721234064648357265e-01 6.414730157352471762e-01 1.170414930990153479e+00
1.158014388187778243e+00 8.492661978458972971e-01 4.983850091039423447e-01 6.332328546362662181e-01 1.668545170107242459e+00
1.306374430786946039e+00 1.140587404203994293e+00 6.660696010576274695e-01 9.176106892732907028e-01 3.461680664240758265e-01
1.545572183012749345e+00 1.710677308265216578e-01 1.693643775501474380e-01 2.148701376968315202e+00 1.756880648970366554e+00
8.711570495090498190e-01 2.655906539844088976e-01 6.151941178695110590e-01 3.500987445572397716e-01 2.933722017512399916e+00
1.952048434026340207e+00 8.362419384105772568e-01 5.977498580964549779e-01 6.296650639734072685e-01 1.039571476677007666e+00
1.834666587615232825e+00 1.791891510081220218e-01 1.867934671897891474e-01 2.247030171303598944e+00 1.996878061335766730e-01
2.683682180495769121e+00 1.473567716312952636e-01 8.825930916687795280e-01 2.731456490611058330e-01 7.872611626859741252e-01
2.496841898353592271e+00 3.574729155780078105e-01 3.264931616679574433e-01 9.933816278185252369e-01 1.459140029870841460e+00
9.184483105041550965e-01 1.014618820576485003e+00 4.194326723925546618e-01 5.901122436631683899e-01 1.152666150833948411e+00
1.353965914185012220e+00 1.263497493263385507e-01 1.283589524023896589e+00 2.371819660048768430e-01 4.838489047443957913e-01
1.855428780400474098e+00 3.840129831844785735e-01 5.691486929666365047e-01 1.349720203987222922e+00 6.460326168859447105e-01
2.171099222777903570e+00 1.417810620142351929e+00 1.810827528608295878e-01 4.599887414405038344e-01 1.121169538099807905e+00
5.796934334642898090e-01 8.680328386720157496e-01 4.049297314328750841e-01 1.984973305943875888e+00 3.652724952666925318e-01
1.449248137500475320e+00 1.297760443016260812e+00 3.060568937900695063e-01 1.057678216233744140e+00 4.491651249513404776e-01
2.990489995867285256e+00 2.547254085772522880e-01 3.961805588851970428e-01 1.418679832982010947e+00 5.483805189541783864e-01
2.839114668345344761e+00 1.006553818590590677e+00 2.136242876786775824e-01 1.929991184664282267e-01 1.033227351931055749e+00
1.943437658727645401e+00 1.147387348893977865e+00 1.542579982772629699e-01 6.701449533686310023e-01 6.901971208878301400e-01
2.955914795362208913e+00 4.743267451380302480e-01 3.546274224322354951e-01 8.953166175099834811e-01 4.385131173461704890e-01
1.363913553075620122e+00 9.126455211862746220e-01 2.615357484534203691e-01 1.528156963595732831e+00 5.276549634609410955e-01
3.704334933881804348e-01 1.289729428448995741e+00 2.291440555052720873e-01 3.360576871502683471e-01 1.852995601389496816e+00
1.859134157947779586e+00 1.260202076270764415e-01 1.180169452692533261e+00 6.327492082830856734e-01 8.196542137878723988e-01
7.407042326137962540e-01 4.756891715493046791e-01 1.357959262832185487e+00 6.560609041904570393e-01 5.252646362090016563e-01
4.312790976372668617e+00 1.524703226148185209e-01 2.065624662864428418e-01 5.359309443186972555e-01 2.374476097429268628e-01
6.898724492334710190e-01 9.537123759056601591e-01 8.694130685666641156e-01 1.047879215899190530e+00 9.208443991097882142e-01
2.600982561809851212e+00 3.805855654031787272e-01 1.826580929357950467e-01 3.982524675800893643e-01 6.397501225610030540e-01
1.953526546869242875e+00 1.579109250021287214e-01 2.390056229879212180e-01 1.826488856868015986e+00 4.442074712587006369e-01
3.237599339813778676e-01 1.324717970644881060e+00 5.254531080290431033e-01 2.948934988683570846e-01 3.532753535829637470e-01
1.140591681082048225e+00 4.559767521607710483e-01 4.992335947665640927e-01 1.127404240309329397e+00 8.111112232903454622e-01
1.171939721542522239e+00 4.597173316755906458e-01 6.736137097614789404e-01 1.462053588214248023e+00 6.475278976142697651e-01
5.306940617003232941e-01 1.145629309592385070e+00 4.123627062495509032e-01 2.184569759793499877e+00 6.059601468041984074e-01
1.201872870682035410e+00 1.149018594406878702e+00 4.637807627590279091e-01 1.257987298101896911e+00 3.434273993919298440e-01
1.675307345903751521e+00 2.818202581473779889e-01 1.193998373567164872e+00 1.763256531096283886e-01 3.059736158890514757e-01
1.264899288957383128e+00 8.516644664633631068e-02 2.516506907927072989e-01 2.657197759492312628e+00 1.180689165350515601e+00
1.454566780298337303e+00 3.604426889693752023e-01 8.585156933886478603e-01 1.264630424029099309e+00 4.324240470484519427e-01
3.155295606879175985e-01 4.512992768967635793e-01 1.156823892285234745e+00 1.243392041357047173e+00 4.814059728241704694e-01
4.030335667103313035e+00 4.787223338573677323e-01 2.863143589265235156e-01 2.413279591100017663e-01 3.477485140489175452e-01
3.307730974817804093e-01 2.108604029910319255e-01 5.236838838788038242e-01 1.249267900550306454e+00 4.212191399994090757e-01
2.332825499686401294e+00 4.119895342829923979e-01 3.889258406890728770e-01 1.244043044579170809e+00 1.503510707199658403e-01
8.338117342979811664e-01 1.027554419882326764e+00 7.664275251274711431e-01 1.357364581351957034e+00 4.237485855621057063e-01
2.290447525117341065e+00 5.389692362573683670e-01 4.962899800598584710e-01 1.575476393399320774e+00 3.190927571012585617e-01
2.362742236166765153e+00 9.758664622306250092e-01 3.810067998587722271e-01 5.085191778362682102e-01 3.695317803559670100e-01
1.643425367588430941e+00 8.263000972310322600e-01 3.736568287669674859e-01 2.736338564634636650e-01 2.286185180337106271e+00
1.011955015701679006e+00 3.621720202985825865e-01 6.853441728841437319e-01 1.905121711585797240e+00 3.067315796039263298e-01
2.746148710499048295e+00 3.606053027760601215e-01 9.666510267152730318e-01 2.862804899281068405e-01 6.611440298320426789e-01
1.096292045180763841e+00 3.549569002391158579e-01 1.040561116380686713e+00 1.670031604758531740e+00 3.856444621593322908e-01
2.387104901936281998e+00 5.420550498414107299e-01 2.648291763725790227e-01 3.328160115137058783e-01 9.241457207552133957e-01
7.509074577577781184e-01 6.359401489461502521e-01 2.155700338567183572e-01 2.852234225840382997e+00 1.104394691672565099e+00
2.364535475989743230e+00 1.240919507069819572e+00 1.481011260580641087e-01 4.557095283159483534e-01 1.447285852881641799e-01
7.203506128084848914e-01 1.887800197163253535e-01 1.291250078144290603e+00 1.627454519704742086e+00 4.270766910560520602e-01
3.890069672475048090e+00 3.699728524124783480e-01 1.180907020136183344e-01 2.514091319161809723e-01 1.056050243253030096e+00
1.097945636585594409e+00 6.857179138690835951e-02 1.279412815352046207e-01 2.870627198129926061e+00 1.584934946925892207e+00
4.589993799855231482e-01 1.304637922572673969e-01 4.625144585954307219e-01 2.165922677075805769e+00 1.998356937969772318e+00
7.797333858065632617e-01 4.891241889452605518e-01 1.558424534013513885e+00 4.350150917301867648e-01 6.967390402088600165e-01
1.517519635392940547e+00 1.523839915906384235e+00 1.180174070414622828e-01 2.900671728083484280e-01 8.679463191620435669e-01
2.190296058642624111e+00 3.331643353127565765e-01 2.734948990543649705e-01 2.204803565770484308e+00 5.295534959644312423e-01
2.687883849875967179e+00 2.892159182962830699e-01 7.405844879874871056e-01 3.382095952397502492e-01 6.638489422191431455e-01
2.615859755742022674e-01 2.831163837513855919e-01 1.346440783278681774e+00 1.796316858964838614e+00 3.410086015407097770e-01
2.200471970929307908e+00 6.802113439641751524e-01 2.240983472092448192e-01 5.954238924687522694e-01 2.044697682371205083e+00
1.236851107778853986e+00 7.894893923885484277e-01 5.650795259666382409e-01 3.401495228344628141e-01 2.297084395786517241e+00
2.066062398441689041e+00 1.208640970201115605e+00 2.025660616007551318e-01 3.622488287770778692e-01 3.115211936674646132e-01
1.155157377961215648e+00 6.125687103307380088e-01 5.471018708686066212e-01 1.702860577583882984e+00 4.456817591144796031e-01
5.142958220771445266e-01 1.509771361234857334e+00 6.626956230161477057e-01 2.371951607410888452e-01 8.815134821380944397e-01
1.123943742741084550e+00 1.655830255016378816e+00 1.752868880927111461e-01 3.401111093586107192e-01 4.372237183076929656e-01
1.128123413159117128e+00 1.387659311541265428e+00 9.160585564860475316e-02 2.368685303328820768e-01 2.134536383118012526e-01
2.930513337352868564e-01 8.532817088950327422e-01 1.238210143627215931e+00 5.909067422030721550e-01 1.648542151893060692e-01
1.590808404576227741e-01 2.168961021969857406e-01 9.140867672044317160e-01 1.091440145872091927e+00 1.939962957075109573e+00
1.706442634680068071e+00 1.191697039992415608e+00 2.994524527417921078e-01 1.010630293790498957e+00 9.460573469904856037e-01
9.890752156756814628e-01 3.955787243716800683e-01 5.743326543158350228e-01 2.463219528529518421e+00 3.972803810541872260e-01
1.254013221378147191e+00 6.940828445434739091e-01 6.255680151853261206e-01 6.116620836331106981e-01 7.484841662705780108e-01
5.340221727977875199e-01 7.785724990359941255e-01 5.292825310738471511e-01 2.105923473469164087e+00 6.013701019288970606e-01
1.846798429203509118e+00 2.474622904673496604e-01 7.601213153318558957e-01 8.420381600857554938e-01 1.184764063036755299e+00
1.156287336082694406e+00 7.600799018398759488e-01 1.824589487981380098e-01 2.174156177444825921e+00 1.514886413324519343e-01
4.970485671469835331e-01 7.925774600053292485e-01 8.364024491188060129e-01 1.500247751127296914e+00 1.521953566077980380e-01
5.383097904081303176e-01 8.892783957147244456e-01 1.305400036939108888e-01 2.134338515043606499e+00 3.227282943619786404e-01
2.194741591237558076e+00 7.895166397118917878e-01 5.532871162966707113e-01 3.397639432107814050e-01 7.084475345258322010e-01
1.547092933920815927e+00 4.065579161628664617e-01 1.006044940258649933e-01 1.754666370739007775e+00 1.924056156888780622e+00
1.798071418169977509e+00 8.615751527844766056e-01 5.143228881798092011e-01 2.371892464289889202e-01 9.920623075967063276e-01
2.178558128318821563e+00 7.342370435475612522e-01 4.644971500539488152e-01 1.260160070652355246e+00 2.910046067619486698e-01
1.447450968085898459e+00 5.928964526969133786e-01 7.039365510563488915e-01 1.561772250694147379e+00 2.707945780796362500e-01
1.178760039214372890e+00 2.243877849871582786e-01 8.295084798892388145e-01 8.635487362850424731e-01 9.503308912082127913e-01
4.342547543416511724e-01 1.383340636636159471e-01 5.963941214385839462e-01 3.267949425708578381e+00 4.540879457261623453e-01
3.380922292925793160e-01 6.664118665036592448e-01 2.734277249949666477e-01 2.380898221973302142e+00 2.317475156460048480e-01
9.479902152254812142e-01 3.340302742406353054e-01 3.914750964528611599e-01 1.974973190955839453e+00 3.790793536350399728e-01
3.366245525053636611e-01 1.224821519148011850e+00 4.155332389660770787e-01 1.396666338108678018e-01 1.329273599642532444e+00
2.281324960546334268e-01 3.958713025727932378e-01 4.321792094131599038e-01 1.873008544072042314e+00 1.965786367678950430e+00
6.375954722750967196e-01 3.966992153980256619e-01 1.427005742755373507e+00 3.062968333202180093e-01 1.506021424093006988e+00
3.454499525429651774e-01 1.205615916703927509e-01 1.529579556892574632e-01 1.362133238803580948e+00 3.008527742234853086e+00
8.050784624006508405e-01 1.132987850558705850e-01 9.448877161911601874e-01 2.098182553883354284e+00 6.186313272076997549e-01
7.452729132932021106e-01 1.364518431750499083e-01 1.519154756326306810e+00 9.169902622699487305e-01 6.780789695014971530e-01
3.299989784209101940e-01 4.173495423242662428e-01 1.440524735629947539e+00 7.638686885998163811e-01 8.320538822184092576e-01
1.017542061419373978e+00 4.726877404710077002e-01 6.950359121891719338e-01 6.394584713702621270e-01 2.125576519087179483e-01
2.482291163084193286e+00 6.723546185406322762e-01 4.168012982666285393e-01 6.970769212468929110e-01 6.325789164507173989e-01
1.042330095464608419e+00 4.418048813963840749e-01 1.449671936784510340e+00 4.652902108273290205e-01 9.869798878853688340e-01
1.783631746499204640e+00 7.389500579575518646e-01 2.641752277680686767e-01 1.214101435519359784e+00 3.495119524024871138e-01
2.089072230459280810e+00 7.204869655652169635e-01 5.644033200426570307e-01 3.845714939590449410e-01 1.087391050626355327e+00
1.575215890811524133e+00 8.378415705371148325e-01 2.515161972041669580e-01 9.944411396337751174e-01 3.118104755124121441e-01
6.315610884335023378e-01 6.337758504416217686e-01 3.206040077428246038e-01 2.645415211447260440e+00 4.390557571584555729e-01
2.397591780021576913e+00 5.522057275392666664e-01 5.098012619471586904e-01 1.167529224223751383e+00 1.579329807584526069e-01
7.023664609817548143e-01 7.127565189383961997e-01 2.051261274285821334e-01 2.436283312358163311e+00 1.003720690346552535e+00
1.149506297637391761e+00 7.029854169316134271e-01 1.512198936044026332e-01 2.177733081320690545e+00 4.132193183993976282e-01
1.119870091554552527e+00 4.430291560944771279e-01 1.891522511640338078e-01 2.677061033455506056e+00 6.212921818586657485e-01
1.089074217251920329e+00 5.547420298106849890e-01 1.611034424553863809e-01 1.374040884472909507e+00 2.567084026004705422e+00
1.891531701636172569e+00 7.983046369105092355e-01 5.678590909918965757e-01 4.323615843491036559e-01 1.414442501268027730e+00
1.337564767213430983e+00 1.217236788077188797e-01 7.743319515420943322e-01 1.710612863267119810e+00 1.024546755306903201e+00
1.777141814377877438e+00 4.911891479725046250e-01 4.555553674724383550e-01 5.944214109451736450e-01 4.057540521266792544e-01
2.185105141195395451e+00 1.107679217541011729e+00 5.070356111804265042e-01 3.086818479946801808e-01 6.814114376595192812e-01
2.424936658656552169e+00 9.366320747555676451e-01 1.176531468319957918e-01 3.602523371678877373e-01 1.190617380007487958e+00
7.037901916480684417e-01 1.259694784710071902e+00 2.971520745901950478e-01 1.313443314662163797e+00 7.200644739714374687e-01
3.052875101725550100e-01 9.875290738020310599e-02 2.713419281381799775e-01 7.299084266245541297e-01 5.526099579780126447e+00
1.279116544875087857e+00 1.364369464255598130e-01 1.394798596204908758e+00 2.664297472390432242e-01 1.647821157028162897e+00
2.121224891896303255e+00 3.005226044701346244e-01 4.022934008216044188e-01 5.840625032106905312e-01 2.188833282727159713e+00
2.646727170054835820e+00 5.400449990004626555e-01 2.845129152266853145e-01 1.016960616137492890e+00 4.335407298100149021e-01
2.938238697871563554e-01 8.638726926332905842e-01 3.933189560543227103e-01 2.262717406718115498e+00 1.553971680831131019e-01
2.452462227322654176e+00 2.990078903473935013e-01 1.788516002500241397e-01 2.438548821762601015e+00 2.935678816801752244e-01
1.480397337776121258e+00 3.398339322988288003e-01 1.335150832006975818e+00 6.737214045010289087e-01 7.582031765089041198e-01
1.405218165408469000e+00 2.059749806116396853e-01 1.100235901947416162e+00 3.571239670033349856e-01 5.824960888666638192e-01
1.531530636709255822e+00 2.637756479429472778e-01 1.374078966610158714e+00 5.005651365746516257e-01 2.875141043239189398e-01
2.224922533574952843e-01 9.653475745716149081e-01 5.902311808668829762e-01 4.056461296816360473e-01 2.345303303527341843e+00
1.554334277811816989e+00 2.231696962468810441e-01 5.261614790564024258e-01 2.303363052717272819e+00 6.327382118580103798e-01
2.432448577914565924e+00 2.223139546174461301e-01 6.662297743169121045e-01 2.261728001396935694e-01 1.948637730289024317e+00
1.529836254011397667e+00 2.309344972076805003e-01 5.630876288547621566e-01 1.255475037309158326e+00 1.078536827954200972e-01
3.913828284601520435e-01 6.335916169875404069e-01 5.267726401281351833e-01 2.252302096646758844e+00 8.142831339015781378e-01
1.269125857980381245e+00 1.104003898420425456e+00 1.426885415821755598e-01 1.632902341541383695e+00 1.059782101791107101e+00
4.452774880214070308e+00 1.179380089086189687e-01 3.109061011217372217e-01 3.323846732679128779e-01 6.676516160338306083e-01
6.284126382322277049e-01 1.085122254922702201e+00 3.103877675461552132e-01 1.922006698276284453e+00 7.901758610587596987e-01
1.225181356386599862e+00 1.360128495802690018e+00 4.198197767702061545e-01 4.578630764354640337e-01 1.318539330031668566e+00
2.111422839747993940e+00 6.903543656103925397e-01 2.891085909674012688e-01 1.712467675837697101e+00 5.127654378449839623e-01
1.480985352210372863e+00 3.488368025144686912e-01 4.772187118083665025e-01 1.937156541878872318e+00 4.446504149070221734e-01
2.675204597164324571e+00 1.561009967413027888e-01 8.041076786526991649e-01 7.440842998572678724e-01 9.219463852071062282e-02
2.081722035237125290e+00 1.747323429668712902e-01 4.212860230334904976e-01 4.991785363691570443e-01 2.347657090581586892e-01
5.040980837124016123e-01 4.239329304485429661e-01 1.011501151150188349e+00 7.164431518162573953e-01 2.242597911233299435e-01
2.197925984851738512e+00 7.965656383061106016e-01 3.411319940099160619e-01 7.133810274404898122e-01 7.352697975438025058e-01
2.282207374546977086e+00 5.372780455843934044e-01 4.532725190224486944e-01 4.142933737114577464e-01 7.771556207798572258e-01
6.259802629134283425e-01 3.054014836810014510e-01 1.639027414683337458e+00 4.387122785008621406e-01 1.761713790185661099e-01
3.299297924866615883e+00 1.127050541698865621e-01 6.612611690654546237e-01 7.406157145461789160e-01 2.123126175023538065e-01
3.000266017398661722e-01 9.573786580798074874e-01 5.359126813475265649e-01 1.733513680923639111e+00 7.279649530720113670e-01
1.580812201802909378e+00 2.722739038200857609e-01 3.495347692994311695e-01 2.479200858880002745e+00 1.044532491320585788e+00
1.086036737609811675e+00 1.007607079839950126e+00 2.237150606242128692e-01 5.977235946627328378e-01 1.696380711002094088e+00
2.480976889369265415e+00 3.569380146612973759e-01 2.917507106000806205e-01 4.974805766723385259e-01 1.931565667168018141e+00
4.043521324095295522e-01 9.010695136070560884e-02 1.437626228475759493e+00 9.629600621401191995e-01 1.390412383646461469e+00
7.542188993676877118e-01 8.074015717152338567e-02 1.182379126790448209e+00 1.539409049200516133e+00 1.314566376119481461e+00
8.249731837689046055e-01 5.936380267678742495e-01 5.412656791194888628e-01 6.177770134492234222e-01 2.227562416150043578e+00
1.172082579025853777e+00 7.176496278084233404e-01 2.184412361569184891e-01 2.146664688580513847e+00 4.514782822397280238e-01
9.768313657039087161e-01 5.721154227566762618e-01 9.344839434537730583e-01 8.015174532172031352e-01 3.988745902471202420e-01
8.866870848864403243e-01 6.227597938247247944e-01 1.939997782553309347e-01 2.801830708334909215e+00 2.551114265153213712e-01
7.785060846133977641e-01 6.430177188051495740e-01 6.161821767908779446e-01 6.483339869679738410e-01 2.182378483037096917e+00
3.424847314840584467e+00 2.559585539041175917e-01 2.777029649199298511e-01 5.438189352744779992e-01 1.780400212258391290e+00
5.413679737425409755e-01 1.101257159286444853e+00 2.884624001709298335e-01 2.043141319636078812e+00 6.817648296359672955e-01
7.136767113338440272e-01 5.948652483059613250e-01 3.833795105800796854e-01 2.844195460517938479e+00 2.663990403537771501e-01
2.261862160838004066e+00 1.382630872336426120e-01 1.304232515133281201e-01 1.507442299905823457e+00 1.011423020133923822e+00
