-1.317928410652464466e+00 -1.348061210190927006e-01 -4.831700402304296427e-01 1.122685103469660328e+00 -3.644520504833388963e-01
-4.569386883873908900e+00 7.029873670470525582e-01 -1.029404749283040488e+00 1.031974842739279419e-01 7.801175366181167803e-01
-5.557515397627978970e+00 -8.112823931554782875e-02 -2.522079713313375438e-01 2.146932678020715690e-01 -1.709572925211877426e-01
-4.859117174091498015e+00 -1.762770723058518119e+00 -7.696328918994078672e-01 1.560758405744625765e+00 6.662688909550559813e-02
-4.455672380339897209e+00 2.015684545035907327e+00 1.241755894857149434e-01 1.065400327465459096e+00 1.229888096846653844e-01
-9.852929030281296630e-01 4.782034924131199349e-01 -4.146893271476598253e-01 -3.080943088283144005e-01 -9.796222184794814436e-02
-9.115724596349398245e-01 5.082743407976679784e-01 -2.920420564763212545e-01 -5.015702095392148285e-01 2.106726862406151368e-01
-6.446165627417199673e+00 -3.649547960456258067e-01 1.019194085968074398e-01 -7.988509761308287827e-01 4.955420610337948339e-01
-1.609967616104275745e+00 4.186440662009159874e-01 -1.425000807138310233e-01 -3.043193231146209543e-01 -9.469178775961528682e-01
-4.360375263665231316e+00 -4.501609220538639877e-01 -3.471439990843541712e-01 9.342426264880441256e-01 -1.471000105358558185e+00
-3.241963515569347809e+00 5.371484268431061387e-02 -2.835653223860152838e-01 2.676878523161694279e-01 -1.277397600739140548e+00
-1.105300298913329364e-02 1.171992049872078168e-02 -1.386788388281771922e-02 3.153191059237273140e-03 -3.520472126938700708e-02
-4.022239364045086418e+00 3.077641111279500463e-01 -1.030319783163907488e+00 -4.028478929906482153e-01 5.109851777554185182e-01
-5.433052781233145723e+00 2.550869923508604642e-01 2.074933057760535715e-01 1.176933098182969095e+00 5.765620795079866578e-01
-4.510160380361081245e+00 1.872350016817014018e-01 -1.320168360624308646e-01 1.350797935877646461e-01 -1.389612844689452675e+00
1.562787516434234747e-01 8.021237925286187065e-02 -3.344413722679509537e-01 6.450515050208329715e-01 -1.287963584762129021e-01
-1.027881100327355801e+00 4.057518291338495509e-01 3.421483794508593801e-02 -3.324604779628272944e-01 -5.321123602987233303e-01
-5.823127932800098883e+00 -3.127601302219473189e-01 3.957047844820336252e-02 1.230968092998244723e-01 3.931035668566896235e-01
-3.795508225500007882e+00 1.383903397666405244e+00 -2.868659533546465967e-01 -3.691744137479823773e-01 -1.150483073325575756e+00
-2.591665406853146614e+00 1.666622727242286217e+00 -8.481332534235116460e-01 -7.016317939353052813e-01 9.161417705279412127e-01
-3.512835388734928621e+00 -6.172005039302331797e-01 -4.205738734744001728e-01 1.595633854626695936e+00 3.284548929953450824e-01
-1.989628184465549454e+00 7.236909684324357439e-01 -3.958406296327202784e-02 -5.330605990235484093e-01 -1.045237168374001602e+00
-1.239767612861278234e+00 4.282165049680419777e-01 -7.765510264926619999e-02 -5.998692806221890550e-02 -8.109280258903381888e-01
-5.585803534684907312e+00 4.173488488098341942e-01 3.387067361736528781e-01 1.717548822423792032e+00 6.740459043790032467e-01
-5.486284060350203440e+00 3.155280318962256914e-01 1.166912195426716564e-01 2.164743527019363345e+00 6.350574550905440097e-01
-5.666571827997013422e+00 -1.113601959828117299e-01 2.904034895445709585e-01 -5.372224304987061050e-01 3.706239996493200239e-01
-5.702765264317652516e+00 -1.313525984739936647e-01 5.720814299465655228e-01 4.931978558242466337e-01 2.213221984417183263e-01
-2.303926035627010815e+00 4.021697410179501664e-01 -1.169205202957735723e-01 -8.215538352478487516e-01 2.984525634015474660e-01
-4.151691954772831039e+00 -5.058977244962873376e-01 2.876545051199964620e-01 -7.237306453459046995e-01 -1.130044111255040118e+00
-3.025324025911309000e+00 1.935298617562259071e+00 -1.128518739090452527e+00 5.145957679918421457e-01 1.144456015903105861e+00
-5.937391580951757675e+00 -7.848212119334042891e-02 -2.965585661880782431e-01 -9.515340162404782864e-01 7.603230480008864589e-01
-7.561970986046385512e+00 -6.643000155066461007e-03 -7.188126507573003310e-02 1.411510702868901346e+00 4.804918190056207683e-01
-1.412158880773020930e-01 1.221203387890148068e-01 -9.695688709690830631e-02 -4.552997389169852194e-02 1.325506528622383620e-02
-3.676372741937462330e+00 1.068502044834450382e-01 -1.994987334643312238e-01 -4.211862661050811418e-01 -1.341989545607388035e+00
-5.483708353015448900e+00 7.689400746916528195e-01 2.897707552864597913e-01 -6.633643588336094465e-01 -1.218987646500639677e-01
-6.052968124534406913e-01 1.222967955052276789e-01 -1.985927744698364195e-01 9.429088867605148194e-02 -5.443682234548973264e-01
-6.008777516719514544e+00 -7.698015720459022715e-02 -2.534068221490577422e-01 2.109044917620143400e-01 7.890918232117284659e-02
-5.540708742378487983e+00 5.748402178538634111e-01 1.540345919495133553e-01 5.198955149535772202e-01 2.535427416557966551e-01
-2.087139768182922239e+00 -2.142251096277661748e+00 -8.441112471982631371e-01 -4.215900345774726832e-01 -2.231556094428030212e-01
-4.862440519381353354e+00 -8.285697387684720638e-02 -1.235160710442988918e+00 -2.367149653163020950e+00 2.978132658612554495e-01
-6.340875885935938427e+00 -3.422579218189963912e-02 2.829811963330191582e-01 9.414202345486846757e-02 4.568032862519024739e-01
-5.787048601209281884e+00 -8.073203261709531731e-01 3.997915443401656860e-02 4.917822886763992263e-01 5.515322203448238536e-01
-6.074702755227686879e+00 1.880501430340459357e-01 1.207552538156022592e-01 -1.227205013861254468e+00 -2.263191317870910380e-01
-2.576713616612371194e+00 -6.315621585630384338e-01 -1.494945028250171948e-01 6.714557838091942399e-01 -1.290092332292046562e+00
-5.993378839749222919e+00 4.883249789896394917e-03 7.239875450529230372e-02 1.092530360175813647e-01 -1.675994481591247531e-01
-4.995371671695783000e+00 8.974125577102540774e-01 -6.250506497466998823e-01 -1.271273298466647494e-01 -7.581495129092832297e-01
-1.088081169802130599e-01 3.472468825603903797e-01 -5.776882930551801021e-01 1.167267708543129334e+00 -8.184628376974900643e-02
-5.570188084393263850e+00 7.755368877099669267e-02 6.741084026493517900e-01 1.905512290277798781e+00 6.186494223525699221e-01
-7.928279420515239595e-01 -6.772377351829707293e-02 -1.277515679036915139e-02 2.862852629477016242e-01 -1.146646595040725858e+00
-4.012505188663818001e-01 3.733521589282342568e-01 -2.241800049842502529e-01 3.515053422929773630e-01 -6.796720368098521647e-02
-1.580768022455164568e+00 5.402442034438452723e-01 -5.429795398343263413e-01 6.691006894816978190e-02 2.641963585119889713e-01
-4.260091467276714283e+00 9.639480746545885381e-01 -6.312911607584399398e-01 1.033035270605711320e+00 -1.449598254344085735e+00
