8.396277680163120039e-01 1.959955441174091817e+00 8.875688885066199130e-02 1.496535868434305971e+00 7.535360994449508132e-01 3.510899622092613498e-02 1.592897883836911221e+00 2.016313905387231986e-01 3.456524671255121750e-01 5.805509191026912985e-01
1.953173795274960531e-02 6.496601864465921805e-01 3.688248482006013518e-01 2.167740791116635202e-01 9.645539250825952982e-01 2.957766011779934257e-01 1.353037856649107695e+00 3.534584388416310841e-01 4.829644354809606993e-02 5.225209987543813495e-02
7.034760151882899493e-01 7.768845060941874658e-01 3.055440746799075735e-01 4.754963620914680056e-01 3.190932450807798526e-01 2.702050705552565546e-01 2.617049270709508768e+00 1.100881618694581343e+00 1.219786121192410339e-01 5.302804111839588552e-01
2.654245226166132898e+00 2.592024926978357957e-01 2.926726681872161007e-01 2.063790234885628294e+00 1.323911313208504303e+00 1.471744715992416630e+00 9.360698740165572518e-02 4.748014029315442919e+00 6.107947588255819432e-02 1.168838346525985505e+00
2.888323562498709869e-03 7.727367963880914514e-01 3.328595769204453880e+00 2.071591689469484965e-01 1.694773448256306214e-01 3.144668892320487408e-01 1.096193341259528164e+00 3.282857675690173949e-01 9.922282438650836811e-01 7.049869630805391529e-02
1.990776010333210833e+00 1.733287571173261821e+00 2.697436374506459789e+00 4.519286514845723968e-01 2.101231084496902879e-01 6.048188689693977382e-01 7.220347829213696889e-01 7.071150237038665853e-01 6.081399163020649867e-01 2.981189033362702245e-01
3.338508437491466196e+00 3.544114927128993120e+00 1.623246809942353042e-01 5.812385274418983006e-01 5.335808401891670716e-01 3.509107985012950293e-01 1.326394606347916505e-01 1.334814028879361070e+00 1.779174435510165964e+00 1.663519128487127574e-01
1.894404067210585740e+00 6.882442029485585921e-01 1.075811482757657922e+00 7.344297443977109152e-01 1.106024164655662778e+00 2.210340406843911865e+00 1.778791252433202352e+00 6.418015525664888532e-01 6.144374351316006511e+00 5.061763287049464433e-01
3.223293373945083640e-01 6.356413536612389725e-01 5.938932614949553601e-01 3.884073453703851438e-03 1.743045973788087899e+00 2.151020891101328658e+00 9.128613549589793541e-01 2.489479707618992843e-01 3.679431013697381569e+00 2.137624445599351386e+00
2.892712696213453505e+00 1.156264289874316953e+00 1.280348409650065244e+00 6.163344522977561857e-01 6.477678865746969716e-01 3.668398441496468099e+00 5.856585933921766296e-01 2.550962947867262631e+00 4.430761219278308571e-01 4.783320168852377985e-01
1.674580166313369423e-01 3.727627839546547306e-01 7.742602791908402560e-02 7.851445166091240713e-02 3.614215044276431477e-01 2.738586769458833392e-01 9.066286294036728366e-01 1.473407283039581239e+00 1.441345614062553127e+00 3.360427585527849259e-01
5.422188366882807475e-01 1.359930022619806333e-01 3.939142874086944413e-01 3.997678904253124110e-01 1.061447015365976521e+00 2.820515892686246695e-01 2.604128508487977278e-01 2.290550256749677993e-01 3.465616536468950626e-01 3.238217278531905219e-01
4.871761271770892465e-01 4.389287998964510051e-01 1.487092412080817105e+00 3.910474812765857289e-01 1.873205769407309429e+00 8.911741715516412476e-01 4.535142293629145227e-01 1.547852229414830694e+00 1.016405746814000199e+00 9.677801566737636030e-01
4.655903049978102004e+00 5.539672424614308088e-01 9.566898151224033642e-01 1.265867557890672845e+00 5.273370926472929765e-02 7.125446245791107192e-01 1.601796351301335020e-01 2.530533954450853606e+00 5.923358723378255419e+00 6.823654469037795760e-03
9.346150811271176639e-01 2.024767312230895566e+00 1.358059359794143994e-01 2.926199914210891317e-01 1.015604423251053046e+00 1.242195223885899757e+00 1.508749969344549857e+00 2.275759316703050428e-01 5.789842781247762638e-01 5.061107775946565024e-01
1.874696905493558718e+00 1.782533003845307717e-01 9.917829876856951721e-01 5.348794996695748205e-01 1.845742236596791930e+00 2.263995111632166046e-01 1.560267408719079874e-01 1.436981115049496827e-01 6.854967348189989762e-01 2.434087568770424870e+00
1.575684988685876808e+00 9.084175821720824606e-02 5.754559609036701273e-01 8.252768850939751211e-02 3.982985787009100331e+00 3.065519990743021506e+00 1.142673627968347816e+00 1.527456837268165168e-01 5.654858485603551088e-01 7.126719380891756439e-02
4.180872877793922332e-02 5.856433806758573057e-01 7.242040819592900913e-01 1.664925104975391479e+00 3.821334498853131145e-01 5.729245955385302291e-02 4.151651549214712550e-02 1.392982004451755185e-01 2.258863822366692808e+00 2.658381017937868851e+00
4.688765438866255297e-01 1.991650780168012225e-01 5.589746105326934278e-02 3.960799535930265680e+00 3.839868003053142909e-01 4.064889396425288570e-01 5.853421556043403307e-01 7.245574803321250257e-02 2.302509596104951761e+00 1.209366406564899021e+00
2.620046602469023878e-01 5.487715688531682456e-01 1.162217258822924260e+00 5.844630681376409287e-01 1.201091998502459068e+00 9.058835342956711445e-01 1.827834435289287462e+00 9.081461404560050577e-01 4.831711933405996584e-01 7.504774194933925280e-01
2.119230520635819737e-01 6.954768231666145217e-01 1.729910959159802530e+00 6.279255291567933384e-01 5.271692215317807850e+00 4.981683994164792240e-01 4.867431203678110885e-01 6.391639056513090944e-01 9.453731426001646954e-01 6.578062620756269796e-01
4.986392092822110045e-01 1.020174474666013964e+00 9.108893088371489144e-02 1.060117285179408952e+00 9.606049416374111416e-02 4.240259033119852528e-01 2.963957550194050716e-01 4.000402670845625008e-02 6.454024412926574472e-01 3.257589124568783800e-01
2.475501698325798916e+00 2.914232115738557005e-01 1.110405307306625428e-01 6.839269069520309552e-01 3.300591341600770390e-01 1.413914092440000103e-01 6.545340311582327208e-01 7.658495275684629178e-01 4.300743164578581523e-01 1.812134216248423302e+00
5.602362321158997904e-01 1.428508653991265920e+00 8.074609969933055353e-01 8.627805825382038885e-01 2.246096884513686831e+00 1.950677267491205957e-01 1.741748471061147052e+00 4.257168458808482825e+00 1.435684070219245267e+00 4.416153359367381848e-01
4.800162268052737269e-01 2.387057023600762662e+00 2.089962114916767089e+00 4.215652256437488199e-01 4.831200978242231048e-02 2.285108331922258706e+00 3.462515372945856318e-01 2.078778813135082615e+00 1.472895722963912801e+00 1.169761482324174900e-01
1.153143736082258286e+00 1.868326432871201037e+00 1.480380458964176416e-01 2.914733851638053319e-01 1.572817387198633732e+00 2.183531382448685498e+00 3.483444847814750833e+00 1.741625064493194097e+00 9.725904529873528881e-02 2.810087994163726677e+00
1.774098708984508943e-01 5.899216282559581748e-01 2.763259533209336816e-01 2.600557508459915734e+00 4.873447303471572511e-01 1.077926553012509947e+00 1.057326427795623802e+00 2.071403875741907541e+00 5.272971228907621377e-01 2.061804802929832481e-01
1.216227321740300793e+00 3.807554984686426502e-01 2.512716836325135095e-01 3.625969716345328386e+00 1.216471786312564168e-01 1.194236857462914990e-02 1.746440974002831270e+00 3.904999078902492982e-01 1.210066181193807822e+00 4.344917782418674657e-01
8.453880878042678848e-01 4.749520411675962173e+00 1.109760953916093529e+00 2.085921235233576254e-01 2.874403636128991524e-01 6.798777394774601079e-01 5.705650823886528888e-01 1.027610641229087740e+00 3.988775127706125079e-01 2.577109212577559649e-01
1.697100262739181353e+00 1.735665667227629383e-01 1.842554155342553068e+00 1.772484679581558809e-01 6.510323601785632519e-01 6.332381490136832491e-01 5.992446098530257448e-01 5.332811718400476408e-01 1.789125989828824093e+00 1.057200551458291171e+00
3.895406460803816806e+00 2.104334020226735102e+00 2.698928991564569779e-01 8.463009761352703331e-01 3.657619719075231868e-01 3.494868679508434384e-01 2.908923128863644680e-01 3.160323726807625078e-01 1.773446528348020246e-01 7.080564129786726113e-01
2.899215046185297684e+00 5.530124465535665723e-02 7.865967622483027721e-01 1.101869988772249606e-02 2.056536331459776878e+00 2.286469532155688711e+00 4.966337545728275460e-01 6.474817402665979105e-02 3.662306341714782754e-02 1.490676320813473676e+00
6.989892559362443913e-01 9.837540826374559233e-02 2.609100871514223652e+00 7.478164677783890602e-01 4.516983820823469720e-01 8.288245538124273670e-01 2.498128813453226460e+00 2.603422939780676071e+00 1.223665797290101498e+00 3.517580726189185381e+00
1.927977831446063162e+00 9.961671557687471479e-01 2.924341812868919810e+00 3.433748738272843770e-01 3.890143148743930301e-01 3.025979057279359896e-01 7.405995061946132885e-02 1.622610705128665343e+00 5.106811292677077008e-01 5.417692852156056338e-01
9.857581445989885838e-01 2.531280922824758473e-01 1.349122469601083729e+00 3.146902739699899421e+00 3.600531656824176863e-01 7.469365546788155896e-01 6.069923238624509026e-02 5.734027375031123253e-01 1.279807782939957450e+00 9.191095507244479990e-01
1.015039289044745052e+00 8.010221162890193147e-01 3.914040944148074463e-01 2.777261123793522302e+00 1.278630006044486844e+00 3.978873074580983049e-01 7.954490167350047880e-01 1.116643704525069669e+00 4.229990446052592779e-01 4.929989836312294593e-01
1.340753159406049555e+00 3.737206265642694092e-01 1.532313398079774847e-01 1.115007995447946376e+00 1.250767809736002434e+00 9.493954722618465347e-02 5.693821256194913083e+00 1.939246133939973360e+00 5.317830263860386930e-01 1.685937338626989135e+00
1.774294009086114565e+00 1.476436888611334930e-01 2.781982542065890129e+00 2.603512466718041818e+00 1.980091009398564417e+00 1.624485243483593799e-01 1.427798737698124265e+00 3.464953992377355907e-01 1.437732551493618560e+00 7.778397155126639539e-01
1.320340691214955342e+00 1.154872416810385882e+00 6.020703335046060367e-01 2.493384041924514294e-01 9.547602050444987665e-01 8.425585592286612968e-01 1.621125562635149508e-01 1.099749971682060901e+00 1.873654567000517246e-01 3.500241338873100877e-02
1.199206049300372001e+00 3.898039580348980904e-01 1.767440943159204858e+00 4.835355950085448162e-01 1.866954138154827803e+00 1.574311058229302118e-01 1.296693926457910262e+00 6.962235203355749968e-01 2.681856937652212558e+00 2.802759384618466187e-01
9.990966609174109503e-02 9.517781753520662691e-02 5.538468674125916064e-02 1.931886782930943292e-01 1.128232972160378544e+00 2.138360713675309555e+00 4.047387304234184580e-01 2.776683696979362903e-01 5.300428440710401867e-01 1.919151922522822906e-01
2.273411142240284732e+00 8.419526004582735812e-01 4.724514045380091010e-01 1.118239387722592404e-01 1.301589940203243367e+00 9.977411764836062735e-01 1.115023454897931421e+00 7.160181409817836240e-01 6.872433976385855514e-01 1.677364211815828954e+00
3.165177993481745888e-01 2.388868795080483665e+00 7.118878692076845149e-02 2.522033211350665383e+00 1.707713056813059849e+00 3.136686758789751117e+00 2.040830289234968120e+00 2.049851680139644472e+00 5.622814127889221858e-01 4.140629898884683469e-01
1.801984160758974829e+00 2.510730241414561359e+00 2.891666068768912745e-01 1.601217123896487571e-01 2.726415095989069837e+00 3.266330419446211719e-01 6.049967216525043989e-01 6.629107702109127143e-01 2.174178900944482518e+00 8.556105499038066942e-01
2.950233894086705111e-01 3.221895458553684921e-02 5.134473414386079293e-01 1.432491001237768402e-01 2.377788557238507405e-01 1.460673042345683459e-01 1.551950176070036269e+00 1.558345429408056315e+00 3.076081994508511386e+00 2.800550564309071344e+00
1.381631434826707361e+00 2.228847477816724876e+00 2.809436372178008567e-01 5.467527207138078715e-01 5.864203692398176626e-01 9.926009361701938760e-02 9.209020428706635175e-02 5.962807363660886928e-01 1.638981107243268953e+00 1.694942281798136552e+00
9.674784453155055308e-01 4.996687706592674583e-01 1.441619855836004715e+00 1.963027920407443450e+00 2.318777303132715517e-01 6.225069361634453374e-02 2.544201287470702066e-01 2.463459132252136197e+00 2.393041190881771474e+00 4.163485698883349073e+00
4.994976286563934109e-01 2.102473706997853298e-01 5.677939638784853527e-01 9.238720202902422907e-01 5.689903565778478001e-01 1.401727645906476249e+00 3.317172686595811770e-01 4.913699759636852016e-01 7.180027156996593440e-01 1.207143670829568416e+00
5.729850972293815126e-02 1.538797585655995448e+00 1.536792178466064029e-01 3.254848937823018318e-01 3.583674466130864378e+00 8.602724122302142229e-01 1.324513750280368107e+00 3.042339072996590454e-01 2.825098798646604251e-02 1.497773485604555754e-01
2.725454472894939695e+00 5.753126538246914334e-01 1.802107145062038507e+00 8.377641132260736645e-02 4.402151224943484098e-01 2.137547049957150835e-01 2.646808364236007405e-01 1.222988622045621421e+00 5.183434989916713143e-01 5.367605549095665757e-02
1.608012948413558019e-01 1.151499163987873775e+00 7.731204535019804425e-01 2.086315082772652207e+00 2.191646827370869133e+00 7.597503559225212699e-01 2.220090971164281057e-01 1.311329575174978168e-01 1.025847850449179033e+00 2.837235993035241433e-01
1.730278039440464655e+00 7.730256934399502011e-01 8.745479731764384257e-02 1.835228164133293760e-01 3.351907938910890783e-01 1.353778281874731482e+00 1.060030763499104411e+00 6.888147498983401285e-01 2.771181997201571656e-01 5.263409532380330935e-01
4.352515758903329757e-01 4.067814980211772458e-01 7.478809345919881224e-01 1.226526385679210351e+00 1.462828572617309586e+00 5.118815841384793952e-02 1.753848799206899400e+00 2.010586686455856364e-01 1.047184455106543233e+00 4.340544418916621010e-03
3.850671088999929048e-01 3.354872073359701501e-01 1.931170022113381846e+00 6.867569016336737553e-01 4.664238776027860439e-02 1.814745965602604649e-01 4.268615055726353025e-01 6.416598724193468550e-01 1.969073717118718925e+00 1.416252374172014328e+00
6.753635555574908356e-01 8.193722910185795572e-01 5.470715395920978941e-02 7.134725768302714322e-01 7.614166503009237585e-01 1.127664909248628389e+00 1.116088475879182945e-01 3.832455985805815479e-01 4.699731590158325034e-02 1.655485320023484697e+00
1.123275004356488749e+00 2.083258486327084658e+00 3.934208740817644046e-01 1.755315550997777752e-01 5.765707593506270295e-02 1.516888420018829287e+00 5.067398921003746892e+00 8.943677770574782748e-01 8.018100948464319533e-01 6.047148101789396879e-01
2.436781828821844798e+00 9.222171645891454883e-01 3.662028883293104276e+00 6.872497372502924806e-01 3.406230725966395756e+00 2.836365792979216760e+00 6.499177456325898605e-01 6.697522676449549350e-02 5.634674560136937460e-01 1.105695499022895323e+00
3.369351330672132772e+00 8.252279770476771414e-01 3.200746239570177565e+00 3.394925386975822246e+00 4.554749599835734158e-02 1.426380860333531064e+00 4.720745535330730935e-01 6.981463377635743761e-01 1.077309206766675409e+00 7.199138680261483181e-01
6.426818689882123348e-01 8.586245593393145026e-02 3.233967755039881403e-02 2.375929640655126462e+00 1.487633096915947362e-01 6.685434092264938677e+00 7.774554562509504614e-03 1.710710697826552273e+00 7.605222065844609025e-01 6.112527396612146280e-01
4.382498520224892835e-01 7.108635935107491255e-01 1.955972633413163742e+00 5.275846502925091164e-01 5.114056558048978018e-02 3.564487131654751062e-01 6.593333696149901169e-01 2.236450257941660524e+00 5.734564762399783078e-01 1.850622847287240053e-02
3.029547787964495531e-01 9.122187714291711824e-01 5.212562996332366083e-01 6.321002290384079847e-02 1.112183448593845991e+00 8.371528382826077808e-01 2.939059711316158729e+00 1.658418436216010372e+00 3.256387578656457782e-01 7.919845959985442052e-01
1.387301247947585248e+00 1.379664888170464954e+00 1.488066843549135765e+00 1.411695973393777837e-01 3.624710020431646251e-01 1.148200251498486590e+00 9.147561859989655764e-01 1.301951976170268699e+00 4.258170949314377118e-01 2.715891846578060154e-01
2.588785614503714250e+00 1.432161471709626488e+00 1.963883001712509069e+00 5.263839733867093917e-01 1.208161835098342740e+00 4.849959122281885526e-02 2.350949761909647828e-01 3.138025529978525796e+00 3.455235622171549670e-01 1.886893279085118391e-01
5.722401466925695068e-01 8.524344428136624296e-01 1.648251478440674322e-01 2.552772933588491888e-01 1.799849031108591013e-01 6.611467766561964776e-01 8.169149950920091552e-01 1.809317409786601327e-01 2.397741874583496913e-01 4.484922275800318769e-01
1.996156827563015101e-01 2.288077114373467461e-02 3.662403161172527177e+00 4.416552408328849877e-01 2.730841114204773934e+00 1.061226377197280524e+00 2.239203196100287285e-01 1.519262345618825338e-01 7.191520786752592098e-02 3.983943427594903441e-02
4.942405169336617221e-01 1.590171818022080963e+00 4.609838277072371704e-01 1.295246925137240046e+00 2.428027813767238419e-01 8.100965449942107433e-02 1.224949907851941910e+00 1.506259453114488611e+00 8.346184755013414946e-01 1.629418008224418207e-02
4.260336951535512173e-01 9.487737943695519205e-02 6.872355838781746273e-01 9.539003602080605715e-01 3.450243787555890229e+00 9.977926705032934274e-02 1.645012815742145529e+00 2.227468745538634665e-01 9.285739077322456847e-01 1.525388526235394115e+00
2.804328908568139989e-01 2.702590991897361739e-01 6.698118261041206001e-01 2.079696849896670308e-01 1.779137213158550557e+00 1.588195754968174001e+00 5.944629560334372398e-01 8.007205026989970553e-02 2.241967456066566999e+00 1.500267062644089044e+00
4.460469393048130393e-01 8.690719424417008288e-01 1.316234499057498952e-01 3.896708446386109692e+00 1.585795549462179488e-02 1.271924519493972949e-01 1.081556067111153485e+00 2.713154452741759037e+00 7.300503355348582080e-01 1.240952206705318583e-01
9.890441564577946432e-01 2.578257989041161657e-01 9.947433644362662086e-01 6.473660864194840103e-01 6.148736845060017719e-01 3.417025100590131093e+00 3.442630722694482337e+00 2.186366224586126616e+00 1.845813692719453503e-01 5.900975093870297616e-01
1.348674835473927303e+00 1.434960952128485900e-01 1.345407249444311448e+00 1.104386259679126070e+00 3.488438200358173757e-01 5.905882748003604910e+00 4.088776782204758820e-02 1.237684201407444062e+00 8.393976759523327225e-01 7.682002187133940563e-01
3.921991496476003314e-01 2.010126233064246648e-01 5.189694655838005488e+00 7.993599528876228766e-02 1.121553722152351523e-01 6.186804886506107604e-01 1.842699589911107327e-01 9.097993551780588772e-01 4.252378153339758105e-01 6.211640360075357803e-01
8.988416169468307348e-01 1.057887809037407756e+00 2.045147958340178818e+00 1.278174050862089794e-01 4.254894803757305333e-01 4.892258516888280950e-01 1.186464279741506145e+00 2.307037248749669089e+00 1.632784615350526769e+00 3.611238171937173558e+00
1.279626867336092211e+00 3.935047294384496075e-01 1.670407487078120756e-01 3.958238599437935434e-01 9.673587746710776702e-02 1.104246035904137724e+00 1.216778817058848050e+00 2.434063083684142814e+00 1.508152059972025283e+00 5.341228840629848040e-01
2.318072136575279885e+00 1.111358268223452961e-02 7.845893142132358555e-01 5.643544843517204201e-01 1.576074686997589902e+00 4.818962484366171029e-01 1.609172318933975721e+00 1.088723411586192791e+00 1.667955997525020218e+00 1.255708036885103906e+00
3.784740175785207827e-01 1.147157366372581588e+00 1.322051114095294411e+00 2.314993987180470961e-02 2.045514475416056188e-01 8.552237683948614722e-01 9.913180445353417802e-01 1.344330389328795894e+00 5.486619356741992970e-01 8.596108659802115248e-01
3.244182370343621447e+00 9.249077645968651895e-01 3.776430120131107904e-02 1.744452449061432153e-01 6.890295085000734676e-02 1.317408774255898196e-01 2.044884209403911024e-01 2.242616651234015990e+00 1.023840081096171195e+00 1.659463465038831131e+00
1.980540637654769690e-02 6.836666357916316716e-01 2.537708707120597040e+00 6.325530122965400404e-01 1.280176487688374998e+00 2.850694082157310683e-01 8.104652496141224738e-01 3.527117933280470297e-01 1.670495217586279724e-01 9.630924677481840224e-01
1.503318279066587493e-01 2.156527505725779115e+00 6.472595251611589218e-01 2.429412552444683571e-01 2.134653635053237242e+00 1.153329308402522013e+00 6.371021995354906320e-01 7.401078445880582279e-01 9.354463484679061969e-01 2.534479287907949185e-01
1.108752537433227658e+00 7.759646762170729906e-01 3.125433164576993939e-01 2.346930825064610648e-01 2.625783284760453196e+00 1.467352105712918631e+00 2.765855886577254452e+00 3.837419139543661317e-01 1.115557887130926407e+00 6.941027657219257518e-01
3.329167560619675115e+00 8.849968799275664821e-02 7.544219013531450191e-01 8.453532813276534164e-01 7.407335055472750174e-01 1.462072349899707469e+00 1.026016597088573956e+00 3.313469115747853522e+00 5.312822974890876182e-01 2.158032783900298401e+00
3.296315798154378918e-01 1.272048118129418981e+00 3.011594842295253205e+00 3.230461798888623282e+00 4.177600686653203388e-01 3.219921249313149603e-01 5.101858370003805598e-01 6.285870569291132082e-01 6.615478279205189160e-01 1.837352038793748532e+00
9.765264864884545259e-01 8.473695429234989404e-03 1.728980656131741123e+00 2.106052747500928746e+00 4.420577522705901319e-02 1.112139963314426605e-01 4.208092085680227301e-01 1.167742959293722516e+00 2.686944934654679831e-02 6.714752116358649880e-01
5.683433608853452057e-01 1.410752660829653615e-01 4.344036270225579144e-02 1.728051448468416115e-02 1.272713723424657939e+00 3.506510080691858655e-01 1.642376677181813349e+00 3.650058657283548613e-01 2.543019435298288222e+00 3.910965617790671534e-01
1.520002231779719271e+00 1.295367608561136308e+00 7.822727664401148973e-01 1.904542074990498879e+00 2.620331070812624841e+00 2.177686642736824219e+00 5.434885430650681082e-01 9.666783583911439104e-01 7.712627718390201170e-02 6.185179801830723578e-01
1.343213778883344256e+00 2.111252579905665172e+00 1.595880553271041558e-01 6.153467284213060343e-03 1.052458955632425308e+00 5.321398157320476052e-01 1.918300404660759073e-01 5.974694186334245316e+00 4.550916264951379575e-01 3.375277081455876904e-01
3.093046669872851623e-02 1.553929232571075625e+00 2.124247823728712348e+00 3.711145956661002998e+00 4.027194003156065349e+00 3.363283608217794152e-01 4.254906827579717221e-02 2.778622928224502853e-01 7.355742014534401019e-01 1.003981287058076655e+00
9.129240818164765514e-01 5.403015941399389455e-01 1.048013550136702582e-01 1.579585514903169008e+00 6.707130046023183911e-02 6.229954467526142015e-01 7.797471706599476970e-01 2.069543661548826741e+00 1.933570083907221182e+00 5.140195132148221990e-01
1.734457905676478173e+00 1.135414030149883707e-01 9.338693808497215976e-01 8.873421646497150483e-01 1.889810289803919019e-01 2.489636596073412811e+00 1.283162704128139486e+00 1.923936378654963253e+00 1.705342399829992139e-01 1.095811559544849212e+00
8.545393180682415712e-01 2.339628279058939775e+00 2.494352983626189513e+00 1.372941329820233092e+00 9.986693226755373187e-01 3.932817286631220544e-01 1.170998227815135184e+00 6.435548347190511720e-01 8.913980508463287267e-02 8.742515844261953717e+00
4.244198414528413954e-01 1.446775003222771361e-01 1.450956616196715121e+00 1.932365176556193109e+00 2.078570298143356601e-02 7.347013789262335504e-01 8.073894888730075159e-02 1.664245083057949159e+00 1.346294689930212229e-01 5.176992780333316002e-01
6.743801918234636483e-01 9.485989866722769337e-01 1.423286754633318774e+00 2.528664332730394260e-01 9.763224956780357511e-01 6.037031113887932898e-01 2.386444780677753563e+00 1.922515401759273823e-01 1.819863894974677321e-01 1.095985407874245782e-01
3.935864418822778710e-01 2.206870168669357313e-02 1.950140628013146415e-01 1.372422855910178097e+00 8.186169774373849295e-01 1.851396801530686753e+00 3.642542972421715652e-01 3.399160722824674075e+00 5.045960161352565088e-01 1.383431432352468571e+00
1.582635865286250443e+00 1.978482422772093186e+00 3.772174379161682412e-01 1.020727964638211693e+00 4.958410829621929805e-01 5.058936399996971645e-01 1.645916603003887979e-01 2.266609201111287886e-01 1.664575109097365280e+00 1.075221043825789202e+00
1.124821398918721682e+00 1.728904875444752243e-01 1.209275497618940154e+00 1.546506561293890858e+00 1.203956414448730472e+00 1.728446411265141647e+00 3.171086629649197408e-01 2.755863387155194300e+00 1.929188044604760455e-01 6.803301010534064108e-01
2.532790385824388757e+00 4.631476148902780587e-01 4.753217795165164405e-01 1.880857342716938940e-01 7.746452550217431954e-01 1.090929257951255060e+00 4.205801713470058711e-01 4.151976087026390538e-01 1.859374073330466226e+00 2.307627248751723315e+00
7.423733516112834829e-01 5.268847486824800308e-01 8.051867905873689724e-01 9.315349978216003191e-01 2.605583627203031383e-01 3.083870689394455633e-01 1.695669541263668423e+00 2.823273548385089593e-01 5.192506011662161303e-01 3.319119380487781878e+00
2.933594450095637018e+00 2.446875457114452701e-01 7.529297407625835659e-01 5.708384855535468816e-01 1.714933665894926573e-01 2.430777520944566561e+00 1.112416406164372651e+00 2.403529702017768721e-01 8.634562035781764844e-02 2.447151802781213081e-01
2.962510403182602170e-01 1.065295557775303825e+00 2.270652233318946944e+00 6.131790677721461469e-01 7.747941487605647382e-01 6.634289887585870238e-01 3.455979369467201967e-01 8.760476855946108810e-02 2.051517000372618804e-01 1.694925725189909915e+00
3.103893005094822133e+00 9.428860183983324150e-01 1.913551537391927848e+00 7.504444730403410091e-01 8.266955012749583886e-01 1.272698644618399655e+00 1.239876012211842404e+00 2.843722361882767072e-02 3.056196541821032953e-01 1.072716810793125530e+00
