4.187015376022026336e-01 3.209299998081845295e+00 1.054246556076059216e+00 1.108101824331447549e+00 1.847584255294975331e-01 7.682990569734917674e-01 3.971475708058079257e-01 1.401223418330657333e+00
4.617017265775212320e-01 7.843077219362832864e-01 5.275113193418476953e-01 5.032777933780278878e-02 1.773387652617976373e+00 4.423888281159080726e+00 2.249189595168203382e-01 5.943924052052228513e-01
2.194369487677798047e-01 1.265171523431558864e-01 1.063807576504413488e+00 1.912726063104513541e+00 1.348506128443939522e-01 2.266154547206389314e+00 1.306951091306725876e-01 5.039968140637812732e-01
8.038985732939276652e-01 4.684025953111150553e-01 1.295736451310895154e-01 1.838711098766900864e+00 1.684135182839578748e+00 9.717387822616073423e-02 2.994288397491706721e+00 4.344694314646096456e-01
5.489560917462079637e-01 3.148049201821672693e-01 1.116680077349087918e+00 1.075723398828978938e+00 5.622256645355109272e-01 1.091046897427792706e+00 9.319638753974343048e-01 6.691979237227314858e-02
4.001104288287914978e-01 2.384937534220281374e-01 8.190447462709443682e-01 1.635547499579867781e+00 9.271483642803314551e-02 4.592535384207926952e-01 1.011868161149948042e+00 1.541450287663778784e+00
4.297577401021347998e-01 5.901412572243133203e-01 1.038378957786984857e+00 2.417767801972315056e-01 6.461512684283119423e-01 7.925451577936200032e-01 3.797021370166701049e-01 8.065986407675145298e-01
5.948521371435921273e-02 2.065792813794823657e-01 7.354828534980455135e-02 1.700826119097966771e+00 2.651444450257571528e-02 1.630134073694333496e+00 1.379772678150806176e+00 3.763502617079196866e-01
2.531804160343135379e+00 5.024962758135395058e-01 4.780903565911341357e-01 7.732757615424399322e-01 4.058526966549584891e-01 1.450118617668233467e+00 7.715507265113406010e-01 7.843239405761486260e-01
1.490027522916762992e+00 1.501705276611740303e-01 2.511784383202491089e+00 5.474439839010327713e-01 1.532515067494643279e+00 1.591196042783527692e-02 2.750744135609176633e-01 3.427280046843564243e+00
2.235183426453814792e-01 8.523004469538544847e-02 9.194669926042191299e-02 3.199053646741473189e-01 1.183645921748384566e+00 3.001809903747796882e-01 7.292433769521206033e-02 1.525029333460015124e+00
2.661708178570615368e-02 9.681755110990917235e-01 3.091412806411802383e-01 1.426612478328673217e-01 2.538202982468073632e+00 1.950591792332606378e+00 2.077049560281323259e+00 2.452814495152053187e+00
3.643739240077678576e-02 1.807659090497433452e+00 1.246370249463145258e-01 3.224241219501328692e-01 1.357610872889609910e+00 1.134397563513855456e+00 5.560523359025272283e-01 1.010419198381291572e-01
1.315217928449832874e+00 4.758911984342413803e-01 7.371154221569319737e-03 3.050098268738352214e+00 4.796796946297979258e-01 1.573897739972352772e-01 1.415907745282327435e+00 2.087956310067157428e+00
5.867487135930324893e-01 8.406435530207564399e-01 7.534214214903963702e-01 4.975322034668023252e-01 2.115086879405247977e+00 1.627330306040098151e-01 2.237455623792660830e+00 9.604192609065573261e-02
1.141270777926639557e+00 4.726806365234529905e-01 8.309011976024828217e-01 6.374556862366642651e-01 5.029073502781464255e-02 2.220957305851783303e+00 2.287188810181544352e-01 1.075887443710564217e-01
3.514501298546225172e+00 1.792552655139874329e-01 9.441673378279227258e-01 2.571556247833519659e+00 2.096992329237321040e-01 1.864905557064333030e-01 4.873226797558051770e-01 1.182052625959971737e-01
1.196863765669554658e+00 2.918822600177680138e-01 2.301035225406205253e-01 2.633443287854673187e+00 1.307700784053517085e+00 1.807180264687822113e+00 3.405734439349114018e-01 6.000193687053936298e-01
4.317545999318430083e-01 9.860451292511421880e-04 1.873193120348125129e+00 3.521674704037776604e-01 1.297439565879611179e-01 9.297105789347216431e-01 1.116705421233776252e-01 4.721518008000328281e-01
9.324286381934939749e-01 1.286602414468033029e+00 1.257516662680222552e-01 4.961132329906493554e-01 2.913736830762852503e-01 1.459036396372764610e+00 2.503496181233670459e+00 1.575849282058511269e-01
1.215604218737509346e-01 3.405847246184323107e-01 1.027717318338798425e+00 1.347493074379749967e+00 1.902861385083621792e-01 1.129805454331104686e+00 3.782924442912346308e+00 1.808495167651978486e+00
2.587795209218692327e-01 7.686214152848821479e-01 1.992515537059016406e-01 4.896769583487661781e-01 1.906139282160921766e+00 1.590917249483487228e-01 9.220115858069131143e-01 8.121966031006178088e-02
6.052636168655494142e-01 5.186620217357036378e-01 1.463835531600594653e-01 1.213594395092958855e+00 9.680476845651475593e-01 2.122058956315053813e+00 1.090113846616274848e-02 2.647504760494760467e-01
1.433966812317727657e-01 1.958235433387817359e+00 1.293759273135687504e+00 2.722745365279797269e-01 3.171361118588498784e-01 7.429768140562902357e-01 3.930083095359671597e-01 4.648036965030254430e-01
5.810651860556568238e-01 2.558381355064194729e+00 1.083470949067964817e+00 1.677856668914726068e+00 2.892716380398486012e-02 1.275080827143871609e+00 9.570005195812490706e-02 8.839045259396897114e-01
1.770476804374142343e+00 7.940619816003888776e-01 1.910619379346711666e+00 2.895919219965489511e+00 6.335138905554765776e-01 2.566629528204293909e-01 4.498405255710102302e-01 2.392866195768711401e-01
1.921938205158091328e-01 1.782552397036492320e-01 1.044811469501868983e-01 4.601098486270853161e-01 1.306896119674683554e+00 6.465309838481169136e-01 1.104516487372013245e+00 1.446894019694812572e+00
3.020629974385554917e+00 1.307123774297976437e+00 7.034621929529352169e-01 8.193125932369931252e-01 1.184826529943066920e+00 2.374244595933587831e+00 1.746505864088325477e-01 4.797822901265155066e-02
6.518078328814301825e-01 3.417207072608887675e+00 3.636492376650506952e-01 1.364169312464223793e+00 1.394859135461840038e+00 1.413044033944744537e+00 5.132868611754285437e-01 2.742717395396397362e-01
2.159045297105652295e-01 8.359477309453955396e-01 1.068345276163455010e-01 7.591417511893608916e-01 3.450443036180613210e-01 1.824542535088775896e-01 3.207294174461164382e-01 1.404715587241017083e+00
3.472262129946859788e-02 2.172032459136225002e-01 2.290740633323543746e-02 1.410084442513566683e-01 4.311594997059827183e-01 2.186703673244310142e+00 9.834188375149306438e-01 2.281257420460138796e+00
3.072074310534179120e-01 1.636309872099349638e+00 1.275241891336998723e+00 2.813999577709198063e-01 1.891449624562711040e+00 2.696417973639068655e-01 1.112770700019869219e+00 1.544239036701152423e-01
8.485557277835975923e-03 1.260254764381885627e-02 7.885260581149883263e-01 1.361895695494676373e+00 1.062964800188165304e+00 4.563183717151971797e-01 8.363770748003285238e-02 2.735296523250285716e-01
5.176872389882381659e-02 1.277611013274199792e+00 2.398113063671074990e-02 1.376735092036270425e+00 1.037493265637419837e+00 2.504754672387813907e-01 1.997230879430054395e+00 1.294595979112800332e-01
5.856836062343030447e-01 1.266514063189217332e+00 2.708895409804717436e-01 2.865198697420240359e-01 2.430059386288370593e+00 2.021415743091079964e+00 2.266462981519319284e-02 1.992937266247004346e-01
1.355269067156811058e+00 5.190668177742461253e-01 1.957353668599177920e+00 3.941915056807309359e+00 9.795753345683552160e-01 2.245360856551301132e-01 2.717843810280547778e+00 4.412657182634579511e-01
9.384187350696083785e-01 9.686765947880131289e-02 2.270203442963137086e-01 1.240994227004641903e+00 4.596017147620163890e+00 1.197449304200691955e+00 1.614457587032009922e+00 4.017687727008324994e-01
1.504992936655453473e-01 2.022583049437402802e-01 2.635413173717489621e-01 2.390167755161048735e+00 3.633985646750963194e-02 1.941096432659118687e+00 2.324608418250333486e+00 1.794032223446526686e+00
2.504094038375746401e+00 4.557260224159575546e-01 5.297196168251324666e-01 2.078574398533012957e+00 4.473016871153329133e-01 9.638651147522420137e-01 1.660416154117363208e+00 2.399863151127350935e+00
4.010916550203026176e+00 5.016531971453758176e-01 5.125667926791996898e-01 3.927767860866933081e-01 1.378492425685101441e+00 5.400477958623581820e-01 6.806598375948672008e-02 1.601614044907750667e-01
7.337342174013250506e-02 1.896247930880383459e+00 1.258530493425243091e-01 2.271877686735851443e-02 9.354963197187252666e-01 9.991693957134970550e-01 1.519028170890129037e-01 2.860155379560941347e-01
7.168777273834613384e-01 1.240051866205159337e-01 6.703203164056841246e-01 1.353930580415243279e+00 1.801092220550291945e+00 1.688096388756347821e+00 2.959670212100707909e-01 5.588136187416369027e-02
2.197940462187475130e-01 6.381520619827645291e-01 2.714661756131030862e-02 1.531745193803964122e+00 3.680208680920574738e-01 1.530225411873347430e-01 1.778922245207639474e-01 1.522133672282534267e+00
2.542498039862157166e-01 8.688795311186913173e-01 4.446968877091221906e-01 1.907658029840502145e-01 5.290796807738810115e-01 8.561421363973274745e-02 5.333878331663719496e-01 1.250773668851124842e+00
2.062534100420866934e-01 1.275173346831244725e+00 3.475860564886383841e+00 3.591398406039166158e+00 4.289189983347698742e-01 1.230490311996933928e+00 1.154797881335745124e+00 1.616283646744543501e-01
2.285687995638451542e-01 1.822020929329819239e-01 2.452775767858177136e-01 2.960040102935249662e-01 9.322500455329618685e-01 2.329033118041223371e+00 2.171850721351409608e-01 2.640721441951986437e-01
4.276121708873958926e-01 5.143879349777348287e-01 7.899238350912831663e-01 7.165749510478788831e-02 5.430541490006363103e-02 7.183748572406993826e-01 7.139295836152170435e-03 2.541575372378756525e-01
1.404971827220840463e+00 9.574192756622077471e-01 3.231773442987567191e-01 2.932551154723936904e-01 4.066483479870549034e-01 4.325751009193106594e-02 9.975386402715510914e-02 1.790874656662605036e+00
2.859571018043618462e-01 2.135174186679146269e-01 3.722750517271016246e-01 1.136541556448595891e-01 1.501358109138144048e+00 2.441093013071107265e-01 8.649139442998156069e-01 2.167260188056311154e+00
1.039763829506691328e+00 4.869991438995759370e-01 1.088434749283845315e+00 1.127113905956053236e-01 2.720172399264037533e-01 6.998291381069609018e-01 3.148145562989115298e-01 1.774818534433034167e-02
2.624805410470921752e-01 1.745409350908106560e+00 1.559843527648162587e-01 1.891200180007937270e-01 4.890807693635945141e-01 2.854878528283575911e-01 1.165647554765387284e+00 7.627712560299230171e-01
4.226664491335117846e-02 2.552399740276284704e-02 3.393927771691075401e-01 9.073136708395992400e-01 1.625670094459452653e-02 5.861133129536770792e-01 1.230269077272155398e+00 1.335487340687899760e+00
1.014146732667354334e+00 2.185851828869748437e-01 9.121368051294789225e-01 8.121781262131986256e-01 1.789784726613392385e+00 7.696494704451405378e-01 1.627080500035144262e+00 5.999156515873721451e-01
1.449371507643623769e+00 3.645966153322477421e-02 6.041630984740190558e-01 7.857392546251341647e-01 1.713237247465950519e+00 2.911310565750556759e-02 2.343131612765406047e+00 3.027957482447177218e-01
7.554759641872369480e-01 3.853717764266982648e+00 4.642553013909877513e-01 1.841096108783742080e+00 2.517610606409660168e+00 4.230103930998500017e-01 2.912539667278442490e+00 1.531373497812246853e+00
1.046848267388342357e+00 8.449139932567736322e-01 1.358188367544967967e-01 4.478775281709795192e-02 1.281729628336013338e+00 7.520779883548757150e-01 1.574007174397632491e+00 3.916075726512407984e-01
5.480665037450607180e-01 2.970247949647742303e+00 3.743150755051166123e-01 1.390713818007993874e+00 2.924249276979121737e-01 5.529181961407533263e-01 6.098039602231326850e-02 3.421113018860557187e+00
3.959738922759499236e-01 9.035475484086999964e-01 1.053588481431862123e+00 8.480768676361656322e-01 1.279460414284095196e-02 1.746811326739003523e+00 1.840254096396329642e+00 2.749111277272930476e+00
8.456512858495034424e-01 1.446457674768521773e-01 1.868763300342249023e+00 2.818673133224585126e-01 1.392620783526791639e+00 1.419845149154131292e+00 3.984975943083305938e-01 1.556985709516050864e+00
7.227563754586661116e-01 2.074058399618095849e-01 1.565072848590981947e+00 1.323688121514049909e+00 2.960014462778032929e+00 6.555513850953786914e-02 1.055450548739034655e+00 2.227329800081601974e+00
1.633102731539367802e+00 3.023846466101030583e-01 1.529948465178573969e+00 1.410301145385583155e+00 1.068055137345553102e-01 5.460997171392244914e-02 9.270882549507635240e-01 1.725926548248334580e+00
9.867298069447185682e-01 1.588018528259695777e-02 3.168834861418371451e-01 2.721928472527970766e-01 1.136586384387023196e+00 2.215039085221157389e-01 1.764885701702386900e+00 6.433249845434437786e-01
1.493149550446561946e-01 1.231261907060614696e-01 1.438271514090429193e+00 9.946411890721170712e-01 6.809666482051173197e-01 1.409293053188987732e-01 1.763884535923118779e+00 1.342271202241776207e+00
3.546585832715898334e-01 8.522476925139920167e-01 9.025239687599015403e-02 1.052071404890750239e+00 4.052846397293274894e-02 8.886427328895355471e-01 9.593666494295608471e-01 6.359189840869714505e-01
2.783907777801019057e-01 8.574356106174368941e-02 6.447359067921489828e-01 1.673606499262943748e-01 2.391451551430333333e-01 5.665537051066861507e-02 6.545096274017843385e-02 5.002656410702439604e-01
1.294296769327197838e+00 1.383605913372079332e-01 5.547360031318498974e-01 5.581237682608548578e-01 6.135891380397402251e-05 1.064449043863940458e+00 6.131744385765122152e-01 3.502357692878451001e+00
3.098842141149589668e+00 2.597180406104419692e+00 9.399120622305390249e-01 1.429869070856104873e-01 9.910736715988440748e-01 7.465490588690155693e-01 2.114421575917169727e-01 3.001332263793385358e-01
3.989401582802274970e-01 2.804786743967628837e+00 2.112510910831527866e+00 9.094271470043044925e-01 8.725745881894594325e-01 5.438590451818638982e-01 5.806462663004222646e-01 6.670996633812720233e-02
1.761053010132970442e+00 5.707653225590710866e-01 1.369034393644045888e+00 6.562277752972222045e-01 2.003130847821739113e+00 2.863470558045053474e-02 6.548603560533454715e-01 1.010796215035554835e-01
2.181591713707750971e-02 4.873199513267190142e-01 1.620831773565096556e+00 2.297320461226040056e-01 5.746610397193016029e-01 5.966392338663416561e-01 1.065678025719507760e+00 6.611225289557765006e-02
3.446795530497249738e-01 9.073290499845884094e-01 1.628153964104417817e+00 6.798223803483213756e-02 5.093036220856577562e-02 1.722273420849807612e+00 1.220762607247978915e+00 6.166477211212763043e-01
1.422480064414076428e-01 2.814294112160121930e+00 7.360597479702288837e-01 8.002626870419337068e-01 5.624394657338368519e-01 5.923092737939432695e-01 2.977091965039959098e-01 1.630811657452913843e-01
4.632556492964986283e+00 4.732955204209325917e-01 1.884037319828449020e+00 2.663074057109944826e-01 1.133346157508620333e+00 3.250177521709847195e-01 2.569680480245628562e+00 1.171828740823367632e+00
7.539500178439447753e-01 2.748038534989306392e+00 1.126359116786224357e+00 1.804128629306771536e+00 9.538757816901834996e-01 1.861399610401103799e-01 1.066431712818613375e+00 1.397227371525087358e+00
1.903363254613893218e+00 3.141580373194609033e-01 2.687655488454425701e-01 1.687454483229152258e+00 1.030787574131655504e-01 4.923573100278214043e-01 1.909599759433572741e+00 2.997753048669753451e-01
1.949089484059644550e-01 2.584579182148683540e-01 1.387557991833870519e+00 6.343483428078774411e-01 8.219787999973343640e-02 1.296350591385425854e+00 6.743752225530170730e-01 2.509894742768624121e-01
5.474255470474244101e-01 1.463568461262149956e-01 9.823913769996143186e-01 8.077733303584516689e-01 2.659805593765488529e-01 5.608752237575204136e-01 2.142720364686248491e+00 1.458373459640603276e+00
1.295784007874432264e+00 8.287325061421026151e-02 1.968589161802991594e-01 2.528229912847030469e+00 1.517262144920793920e+00 2.137950861353635990e+00 3.530196919205908834e+00 6.573310661806783806e-01
3.228760268296417268e-01 2.939804805212844929e+00 1.234214554572253375e+00 1.294999885137742668e+00 3.591534986696948706e-01 3.678197919996039067e-01 5.667147600611938119e-01 2.284626158550019659e-01
3.948549323611859618e-01 2.523913083899709253e-01 7.189534836365280013e-02 1.385413660328822516e+00 1.015412103588105408e+00 4.015806407924563670e-01 9.299318657672148714e-01 2.737606905170503757e-01
