-5.753812239835678355e-01 -1.085292002887881635e+00 1.485741909644995751e+00 5.764368761188772700e-02 -3.576235282732965204e-01 5.743828589672091978e-01 -1.920018417872619843e-01 -1.210074397786041200e-01 8.068086430392515940e-01 -2.772441755210826031e-01
-2.093967883112051176e+00 -3.361122015650388484e-01 1.879935469998430086e+00 -1.468473667744709443e+00 -6.077283016192962517e-01 1.886705426511190165e-01 -5.855427892301380277e-01 -9.309073574938561135e-01 -1.989120747814788481e-01 -1.116238046558574393e+00
-3.863574892829712559e-01 1.315606536591157616e-01 -2.816266189450252755e-01 -1.069937865443956054e-01 1.313292483594128979e-01 -4.865485228863792311e-01 -1.905184178910127812e+00 1.222172292447911479e+00 5.775064595563926817e-01 8.495649590098862669e-01
-3.386422788413341323e-01 -8.396449887599479744e-01 -7.527075832685035106e-01 2.914038068668546866e-01 -1.282914310725981943e+00 3.890826326268578828e-01 5.681318957949562654e-01 8.155632543356089448e-02 -9.395735322672087442e-01 -1.359714332631420719e+00
4.791878702509046553e-04 -4.662613693240649781e-01 8.162863569379233408e-02 -2.225949836282617778e+00 -4.105410130391245471e-01 9.740719703929898721e-01 -2.967640978406764218e-01 9.182467459345991512e-02 -8.521299370824529928e-01 4.451990799636099116e-01
2.882878243150423236e-02 -3.515904527429541404e-01 1.452969845983163699e+00 -1.488953383419601595e+00 -1.007714716071331784e+00 -1.531426851096611141e+00 -8.030105297733559633e-01 7.192785359196413042e-01 1.705666838560920162e+00 -2.515525794664309700e+00
-1.875079750022747627e+00 1.881791934448258097e-01 -1.051763928942621051e+00 2.798610450866351740e-01 8.747953393009737511e-01 -1.967585207036920414e-01 2.565672177252246167e-01 -2.047537329266641282e-01 -1.681918570135868540e-01 -3.834915426145104056e-01
-1.373460571056809298e+00 -1.158889909290738096e+00 8.824915495805084609e-01 -2.150724552206869089e-01 1.017046173378794771e+00 -6.245656373271054607e-01 1.452101692255821197e+00 -8.038243904850572719e-02 1.521105689253415383e+00 -9.470332661707673294e-01
-4.776659038627530801e-02 1.674082999325436083e-01 1.243557263906760024e+00 -4.205243886978455303e-01 6.008785897071003967e-01 6.827034868640881049e-01 -6.660042632995660794e-01 4.791564214214120709e-01 -2.894842564217535094e-02 1.286745437952086846e+00
2.260515003417055357e+00 -1.313437242993991338e+00 3.907886037254587053e-01 -5.699927312892679732e-01 4.264599830336126551e-01 -2.195274219313502750e-01 -1.133148444493112944e-01 -1.641594208741238292e+00 7.770745377529566511e-01 1.727260750518605503e+00
6.683181094551018386e-01 1.697516427437806952e+00 8.062874007232417872e-01 -2.155708973768683201e+00 -3.709855331090898822e-01 2.366960331852586696e-01 -9.124390663948277469e-01 -2.126187979095001124e-01 -1.487027017269046514e+00 4.385056658353752024e-01
8.551731471012511410e-01 5.719124024806522266e-01 -7.924894218521143507e-01 -2.742618427041436033e-02 1.480586122989531628e+00 2.255628518886810818e-01 -1.021520866651644210e+00 -8.206512568014593390e-01 -6.493890279587974934e-01 -1.661375994275729573e+00
-2.118117621333070133e+00 1.215518496228598311e+00 4.549291009347626313e-01 -1.789778770513977602e+00 -6.330573884832392528e-02 1.170039475347391500e+00 1.094973159985166200e+00 -1.985842047618298745e+00 5.331994403940789606e-01 -1.518063307070314227e+00
3.627350139534118306e-02 -4.497461714237052655e-01 1.662567179982306742e+00 -1.223367367782460358e+00 -2.268227376887228530e+00 1.549274967144717685e+00 -4.227316497802572348e-01 -8.464280813673291659e-01 -1.002583628435699703e+00 8.016292550505780268e-01
3.223054141319875443e-01 -7.297964365319405955e-01 2.758683536731265651e-01 -1.534574726549744750e-01 2.423800046673908692e+00 -6.114690443962640387e-01 1.762684774405008703e+00 -6.064092381259016395e-01 -8.751375462473096611e-01 -1.000148122259967964e+00
1.157301548278975689e+00 1.186812788951119746e+00 5.780817580296562230e-01 -5.666960068234917491e-01 -1.245396514018300760e+00 -1.467008988948439008e+00 9.403917031872979226e-01 1.036238417817285429e+00 -1.564039693969056621e+00 1.735119066885904282e-01
-9.958245754485728352e-01 5.669150993523240922e-01 -1.347345104212872569e+00 -1.090537338534309564e+00 -5.175888675061101063e-01 1.176498640212959135e+00 -1.893094597841455062e+00 4.691187889696346591e-01 -2.162902463339464731e-01 1.030671936576692982e+00
4.832922155566617417e-01 -6.892831933802030520e-01 -1.936956576501258187e+00 3.558967872523503828e-02 -8.391876541067093409e-02 -1.147299570971717975e+00 3.483710408817538573e-01 -3.216230239097809807e-01 7.427953427828873911e-01 -1.100202304372726925e+00
9.706283347487388857e-01 -1.529997043511443222e-01 8.663078117157619884e-01 -5.909108315321146519e-03 4.978048137267664375e-01 -5.570195146184699908e-01 -8.774981250105837738e-01 -1.151296353260184535e+00 1.250357097385011773e+00 6.265147062401211775e-01
-1.410710485082121712e-01 -8.737776888800913300e-02 1.128218415110196909e-01 -1.214075722966896087e-01 -7.970711340920089150e-01 -5.740083205818328205e-01 1.277174568906784158e+00 4.717877317989830344e-01 1.274344003026035566e-01 1.939819349679636984e+00
-8.534710055457963573e-01 -1.001497259949608518e-02 -1.278054376669505388e+00 -1.433768517601628156e+00 1.797175570219693153e-01 8.401460298879819266e-01 2.259393065108699639e-01 -3.064715571190875787e-01 3.734333369155112270e-01 -1.116152217230726329e+00
1.674802505354564097e+00 -3.027368542495704196e-01 1.500050834548191381e-01 -8.855552110668002408e-01 -1.896414319254938544e-02 -4.500222795196979209e-01 1.255763396296737167e+00 -9.318933652689158631e-01 3.210779685488800439e-01 8.671754823531253598e-01
2.631783472375647470e+00 8.067024401995893657e-01 -1.484458339414801653e+00 1.862568887626850911e-01 -7.977347412586710540e-01 3.820841655027513162e-01 1.115342047111415325e-01 -2.271636823956941220e-01 -2.827250227762834536e-02 3.899436011452841466e-01
3.335065945891207417e-01 4.815149742054768978e-01 -2.683759877957134332e+00 3.164100222767590953e+00 7.436152668069132554e-01 1.030704254729228442e+00 -1.735506646163439415e+00 4.312418097209613221e-01 -1.086773789790971723e+00 -1.066718212058309412e+00
-1.055682109244865829e+00 7.467448140934611622e-01 1.301901836755558484e-01 -2.696394979678855552e-01 4.033458482104287923e-01 5.771537683043802547e-01 1.455739439320036244e+00 -1.747351528819021338e+00 6.489886608561776793e-01 7.291594952886535363e-01
-6.000161629034549415e-01 -2.801454906001361600e-01 -7.590638077631532699e-02 2.016448828263584566e-03 -7.603824191291380652e-01 -2.308765615210598976e-01 2.484721421125624552e+00 -1.355120444744631003e+00 1.296922178767768719e+00 -3.006724984152305824e-01
-4.524794955980641631e-01 -6.439208607346484925e-01 1.520230119737102426e+00 -1.591378214942899549e-01 -1.288655193972633173e+00 -4.510465991753301318e-01 9.449889151700279211e-01 -2.937799433176246922e-01 -3.923947610897035032e-01 -7.666586802029101699e-01
1.129793221293259320e+00 -1.173095721665996294e+00 2.924075861767974627e-01 -6.394598897159063933e-01 8.281123042150517755e-01 -1.017572081386124649e+00 -1.327879029370782504e+00 -8.556181563797637946e-02 1.358224552670300733e-01 1.154160079124755489e+00
-1.302040957279060995e+00 -3.285081811399316876e-01 -2.801524229802178634e-01 2.497949461422132311e-01 1.208240451056295850e+00 1.110327820905129714e+00 1.281820137333869347e+00 -1.798345063680678591e+00 -5.989021572719906983e-01 1.251297803757229987e+00
-1.815097250545569807e-01 6.185104420200434605e-01 -1.258466977234616868e+00 -5.970314702561193565e-01 6.437443651692283941e-01 1.316191372184351227e+00 -2.290683908689005177e-01 2.173871944719095062e+00 -1.788205166509777122e+00 -8.213964899357538429e-02
1.276976183402962484e+00 6.739048943949627057e-01 -2.471354656817824902e-01 -1.005420116254035046e+00 8.662349958812242123e-01 1.087418022928636319e+00 -8.804962783197645138e-01 1.280020540102405402e+00 9.290580009417392926e-01 1.464159953778592926e-01
-4.441311346001441396e-01 1.759159725358148130e+00 -1.372512293290582441e+00 -7.106383023731881465e-01 1.320198003900463934e+00 -7.830243969585677644e-02 5.446796192128300351e-01 1.372894631803315002e-01 -3.643489947402918094e-01 -1.841034641793795723e+00
-1.923011360971095540e-01 8.642344873345306766e-01 7.150310486362070339e-01 4.920818023845072164e-01 1.225909302896316250e-01 -1.990834721928693984e-01 -1.074515615674125568e+00 2.212653366584933223e-01 -1.767977640517348625e+00 2.609818063539384170e-01
5.668732125961994939e-01 1.333292534140184005e+00 -6.219749194502229850e-01 -1.933834883948054362e+00 2.614484366300784401e-01 3.613734360597295470e-01 -3.159292936613918301e-01 2.120330723276197649e+00 9.485612918903959523e-01 -4.051102060846783481e-01
-3.672284282266621847e-01 3.804855617108556243e-01 1.829819051384131479e+00 -2.126694989137293490e+00 1.030556352924463903e+00 -2.144764122008230300e-01 -7.949773171665751592e-01 -3.105237347897890632e-01 -4.155789102218325204e-01 1.376741023233402750e+00
9.223907409320394324e-01 5.322536460459845742e-01 -7.933735075162928752e-01 -3.978734910761895227e-01 -5.697004490088165840e-02 -1.985687386601469484e+00 2.993665292599607675e-01 2.320115858733000913e-01 -6.097279898479019966e-01 -1.211806359354087315e+00
-9.157766648831312806e-02 -2.474363288778621828e-01 -1.073491618662471669e+00 -1.159000892258058135e+00 1.940316889316865412e+00 9.691709980937994739e-01 -9.640699319267512779e-01 4.363723753351704260e-01 -6.038223163704191376e-02 6.235334353095896009e-01
6.770769390871853588e-01 1.048322483573708164e+00 -7.619041891038970116e-01 2.935368884389252253e-01 -2.510471642366446932e-01 2.223653977360693090e-01 1.177027793393237820e+00 -1.255687149642352729e+00 3.178993639085887501e-01 1.509566315814765691e-01
-4.898208833103847581e-01 2.097409559673279134e+00 9.362232291953861418e-01 -1.023678772154049454e+00 4.503341392560185064e-01 -5.269054981281030559e-01 4.175681194143371910e-01 -3.358130350642394846e-01 -7.799666919250808350e-01 7.221683735157714557e-01
1.536209747880193488e+00 5.754577441538855781e-02 7.387559140354086340e-01 1.846754075541251483e-01 -3.069905724455788687e-01 4.352199789086818038e-01 1.491189760444517655e-02 6.428927840931851767e-01 9.010288110859182575e-01 -7.512922646844963914e-01
6.361193580749129051e-02 3.108496200290524706e-03 4.067009382035025600e-01 1.856153539312365375e+00 -5.143500785058637836e-01 9.802775893957738074e-01 2.411933809339419643e-01 -2.848568104625673891e-01 -1.330609524463070237e+00 -8.968097037569598973e-01
-1.020488399274186442e+00 3.255206300153056787e-01 1.774529183295599499e-01 4.434405998026015316e-01 7.379876669308395032e-01 9.381209128001732900e-01 -2.434407893183250793e-01 6.757592461278739693e-01 2.737082387563089664e-02 -1.405198418016049944e+00
-1.579078616138094526e+00 6.578918189718535592e-01 -1.874350685266527927e+00 7.889254350207601796e-01 1.123487610368961054e+00 2.060960027693670149e+00 -7.362438121284995418e-01 2.902980722345269160e-01 3.837366347134022471e-01 8.239443239372823413e-01
1.511684001387582299e+00 1.496555739740599578e-01 1.313448135586068044e-01 1.279828971679768612e+00 9.588866966015675564e-01 -1.100853858103487842e-04 -3.744863183844941712e-02 -7.355264548666834434e-01 -1.515040668655537326e+00 5.672237889668372279e-01
3.968332310000604046e-01 9.984219877772974039e-01 -1.505480414891213314e+00 -1.645579934517524823e+00 -2.023073906841531544e-01 -7.091016148990245127e-02 6.168497276422871822e-01 2.702545169172505535e-01 4.880826840223228547e-01 1.542057923128409280e-01
-2.860923462055211530e+00 9.541134395229192711e-01 1.121831502837210559e+00 6.034661699728354201e-01 -8.625784857992929711e-01 1.667358622050741035e+00 -2.058670691282619980e-01 -5.448610297542417769e-01 -1.878973280095826537e+00 1.051761372988857968e+00
1.251788555202672182e+00 2.137855178645239551e+00 -1.032503125103396924e+00 5.677963150703057016e-01 -3.353018397240811188e-01 -7.153535740011728317e-01 1.975075779298380574e-01 3.758244132024707307e-01 9.654529706241025133e-01 9.492469464856911898e-01
5.770692269727580870e-01 1.418899379354884305e+00 -2.836197363140150474e-01 -3.053323904694318358e-01 -1.219317827138144406e+00 2.692220684001279674e-01 -2.446127249930470614e-03 6.441546087673689523e-04 -4.640722617075692669e-01 7.969610761803836985e-01
1.337923907296189485e+00 -1.275513804504903037e+00 5.485450511003263641e-01 1.099206645554023698e+00 4.622176389499389748e-02 1.121167074077130454e+00 1.348092659166815643e+00 -1.952111407211473970e-01 -1.399199182656016838e+00 4.794568372578837390e-01
-1.584215684927100076e+00 -4.527899853407647557e-01 -8.272693457991425747e-01 2.315233750932419593e-02 -6.747589620153403300e-02 -1.234825696914560123e+00 -1.223234043516334024e+00 9.557753495993145387e-01 2.372470961630359199e+00 -1.464503349260521503e+00
-1.595843317097170644e+00 5.977416650373809093e-01 -8.844039433861756727e-01 -5.112022237854179085e-01 -5.573670292066977838e-01 -1.456321950952876643e+00 -1.783683026796499260e-01 -1.789145981270175545e+00 -9.094082124979334658e-01 1.852591661481347352e+00
1.055097807771257612e+00 2.627026352861668301e-01 7.832982363186169472e-01 -1.178198801946719748e-01 -8.428768788158678138e-01 -1.357607983512777006e+00 1.025065164590602595e+00 9.215815031939675328e-02 -1.075522836879906130e+00 -7.511866475935871090e-01
-7.523765644425153276e-01 5.841095327310767971e-01 -5.412940745079514171e-01 -4.605701176797802332e-01 -8.055511238453744172e-01 2.999054583982388444e-01 -1.079649846044329342e+00 -5.055621258560569903e-02 9.006949786882798570e-01 -2.454385602927586341e+00
-1.031370205644541960e+00 -1.027523653984751872e+00 8.961177350028705080e-01 4.985855023949178899e-01 -7.733826358992913486e-01 -1.768696756770107958e+00 7.017888222559429678e-01 -9.101955701257097298e-01 1.460219499843484314e+00 -9.072520537988929545e-01
-7.497592247717225211e-01 -8.864539117236298615e-01 -5.064520882268995772e-01 4.792501322535032693e-01 1.615486854033978625e+00 8.824239379594868427e-02 2.595279663713823681e-01 1.040588069394116744e+00 4.875520113836995240e-02 2.698976989241111402e-01
1.208676889804018773e+00 -1.314502657505983718e+00 -7.286968280826482403e-01 -2.221618776855049493e+00 -1.270800602705082660e+00 1.286711005512617412e+00 8.002069152623223491e-01 1.043856138793072263e+00 -2.856631282438560349e-01 -5.272884567037977588e-01
5.664706628972421276e-01 -1.451932822647935328e+00 1.090583100533589089e+00 -1.278468452208478157e+00 5.015516597619973371e-01 -1.792442719540161822e-01 -9.747998609523612634e-01 6.226512171318117073e-01 7.414552777920022653e-01 3.203487245105353654e-01
1.882703762904002209e-01 8.262154812294911777e-01 7.016480149691838308e-01 2.958005844020707986e-01 -1.711840370021784796e+00 2.949838281086297198e-01 6.181986797907002007e-01 -8.139234540483099023e-01 4.522576007496588169e-01 3.505144573464131774e-01
-8.447511207926287069e-01 -7.682876919414188821e-02 -4.291149004135231815e-01 -1.026569779879598215e-01 1.072095690413259694e+00 4.829397965731796472e-01 -6.462113545752399268e-01 -9.259517111488907437e-01 3.171424136013572537e-01 -6.512188696275689193e-01
-4.953716175169538966e-02 1.865290761344884918e-01 -9.503810868377592092e-02 -1.968430145029973266e+00 -1.072744925835512841e+00 -9.359312513589223073e-03 8.248935572580953224e-01 4.673665280422688584e-01 1.328186011971571601e+00 1.447987350799188055e+00
-2.657758232277072974e+00 1.218922332479749127e+00 1.160533524646037762e+00 8.223870596085912366e-02 1.031375018969620250e+00 -3.769776879551681170e-01 -7.059057908042466398e-03 -1.071828346141955324e+00 1.300276928395119214e+00 -5.176656053479707087e-02
-2.629778705782087611e-02 2.994676931489166916e-01 1.297306884051697973e-01 -3.339432654053554606e-01 -6.858707393092791302e-03 -6.195298839261341728e-01 -2.314478144495116130e+00 8.353664465952899132e-01 5.208426900884365329e-01 -1.137118533517267105e+00
-1.577668989739760441e+00 -3.915012289949660468e-02 8.651797020781183678e-02 -3.224655589684570778e-01 -2.116149607104138575e+00 -1.398153794946330741e-01 6.418559944280727292e-02 4.851984499258999439e-01 -1.375046634004498287e-02 2.440679384334454027e-01
-3.690671141850858095e-01 -3.816603983363016095e-01 7.521083857747951074e-02 9.381562781286837405e-01 1.713582055946236415e-01 -5.353850231004948779e-02 -9.874383852822907759e-01 -6.191774520958001071e-01 4.736810570773726248e-01 -1.572266348459509855e+00
9.125987415925197466e-01 9.142290326344985896e-02 -2.103265775670817739e+00 -6.661002084338744078e-01 2.530074170648247689e-01 -1.465520697789720828e+00 1.334144299318248628e+00 -9.181959862799447813e-02 1.663962162546939405e+00 -3.841544214493963216e-01
1.504726084923752483e+00 1.874504896242631669e-01 4.792996214116517217e-01 1.298426535181582020e+00 5.793695142033998824e-01 2.701340511541692746e-01 -9.180379850071217485e-01 6.357315615098259043e-01 1.101801067594384564e+00 -8.654559539775072974e-01
-1.485258219209095731e+00 6.052738573067985017e-01 -2.108457111510711357e+00 -2.506199706829533302e-01 2.724545269239278533e-01 7.747778150095500083e-01 1.420847833958650330e+00 -8.867689955118519540e-01 -4.192321113111066033e-01 -3.387892780610937127e-01
-4.889316468985345776e-01 8.092356457496484301e-02 8.845971688560196888e-01 -2.747196224485022875e-01 -1.233855228783810667e-02 2.220841974709876432e+00 2.132572825360290913e+00 5.638971960415419815e-01 -1.010512534585822131e+00 -9.064920567691503450e-01
3.641123544939620094e-01 4.077875194568568729e-01 -3.706459939981129326e-01 3.473993946095365604e-01 -2.886755717216477057e-01 -5.889286915598092031e-01 -1.248713494827469461e-01 -1.031509332311344673e+00 3.786995163506147732e-01 -1.477739415247828481e+00
2.561317054997254150e-01 -7.517810107969614686e-01 2.493244305464452637e+00 1.886775019718738067e+00 -4.258933710174298698e-02 -1.013382081442548488e+00 -1.676239560024283870e+00 -8.447286214042203367e-01 -3.758783146011023257e-01 -5.402107887349062443e-01
-1.393041877048897259e+00 -1.820354670998056978e-01 -1.142547640646529361e+00 8.208643388235649097e-01 3.982550037517609276e-01 1.045753470352673853e+00 1.002800793856358341e+00 -9.766939075184843944e-01 1.174838691182690908e+00 1.709417459335356382e+00
2.486064425164235051e-02 9.181477217707538774e-01 7.348486451635172223e-01 4.495548042622233842e-01 3.504224372904994333e-01 -8.076308172874478997e-01 5.861260183889509534e-01 -9.071650047001370565e-01 -1.598688801238944857e+00 1.283109382418293976e+00
1.263539776678544724e-01 -1.394327231631939723e+00 -1.122784142372709404e+00 -7.411534417846667999e-01 -2.155071762201799801e-01 1.229995573335686210e+00 -1.974612174020383762e-02 7.219894326629003878e-01 1.302896478815599446e-01 -2.519037878134777197e-01
6.199614383650465799e-01 3.921152367773749203e-01 2.982717644643651855e+00 -5.769857228364536628e-01 -1.048902829945215887e+00 -5.251898954876259573e-01 1.445689213579271604e+00 -5.711482011783233226e-01 -8.593798310731669554e-01 -9.700827949218513435e-01
-6.377690389993689868e-02 4.952928474528304759e-01 -1.455253751156253106e+00 -6.804601242135330241e-02 -8.345241702921009086e-01 -5.131138562567687522e-01 -1.668145222897787994e+00 2.382635043850704015e+00 3.270355051860384110e-01 -9.154981662518200947e-02
8.633822520052067961e-01 -1.858810727718281930e-01 -6.923804342191000605e-02 1.072764805058363802e+00 -1.319318350058487632e-01 4.019792513649733667e-01 5.933720875391765848e-01 -4.121012451119437925e-01 5.492228222789704573e-01 1.073154394812385171e+00
6.454645812843701203e-01 3.102877780427096277e-01 -6.692754014896378223e-01 -7.636521706804543230e-01 -1.288649663873337792e+00 8.928980076873629379e-01 2.157640847110260107e-01 1.064753059992392670e+00 -6.668693661152202967e-01 -8.605172353775057958e-01
1.152997883101565119e-01 6.913658773033920513e-01 4.881512351894984336e-01 5.596195975624773666e-01 -3.465541026035770522e-01 7.292387906619600402e-02 -8.040401348482563160e-01 2.138848529077814753e-01 1.106494817344180870e+00 3.554698491326954007e-02
-1.289955613179930840e-03 9.977583342178190096e-01 4.418503645085776199e-01 7.965244496025389864e-01 4.720061445366112718e-01 -8.232644600670331325e-01 1.122549059428396889e+00 -2.070153060685447563e-02 -2.290074664748571909e+00 -6.372449557058768033e-01
-9.300060860775347660e-01 1.597330183534478643e+00 9.485608901837430107e-01 -1.240918850291563347e+00 -7.518770153767061482e-01 3.398249429925562226e-01 1.999365125543446364e+00 5.753016672666155795e-01 -6.782643356221665920e-01 -7.527188828979995971e-01
-1.634738910882072460e+00 2.175524629728025516e+00 -1.798638466486948972e-01 -3.925600534273242237e-02 -1.337163577690613003e+00 6.267695193416877864e-01 -1.005037200648811746e+00 1.289497005900817062e+00 -4.509415418099466666e-01 4.404977528849535195e-01
1.599315874243463220e+00 2.080651873017561826e+00 4.229219485787185095e-01 -7.820689872648973751e-01 -6.541616164122241450e-01 -1.151617699433684916e-01 5.729505659621599856e-01 1.355871280136919099e-01 1.587775073077315746e-01 -4.936598456653759071e-01
1.858027758439766197e+00 1.615105860947636751e+00 7.578494362812219221e-01 7.303791576165309385e-01 1.001209046052488894e-01 1.732267834351148561e-01 1.044365453542027034e+00 4.695849940962161240e-01 -3.244672865352662972e-01 3.973710641503236940e-01
-2.062885396004248209e-02 -9.153933759212754540e-01 3.800136674978440432e-01 1.001559017000002827e+00 1.574364824814416197e+00 2.754801447479450882e+00 3.136038320379987421e-01 6.389416101826873584e-01 -1.098871286251367874e+00 1.952744941608525631e+00
-4.259498664874145080e-01 1.182721959925768923e-01 2.270322143370224754e-01 2.318720894276549982e-01 -9.395000638713538743e-01 -2.209456252454181868e+00 -8.617430542557380502e-01 -7.762213466004577178e-01 1.459836162671480642e+00 -3.690094600874488373e-01
1.601426617460133262e+00 -1.148513261351320480e+00 -9.713984349768507442e-01 4.453738159814037145e-02 6.537625700869896805e-01 1.229810475664866232e+00 -9.738921444066755972e-01 -3.981637741722439394e-02 5.280163129906541020e-01 -5.586504065786066509e-01
-1.619176722221713716e+00 1.474110125429988427e+00 5.624646163269994004e-01 -5.648122935703979719e-01 -4.608175742453763934e-01 -2.353958380011589024e-01 1.177416103695239358e-01 -8.874725610339562198e-01 -1.567662979330012529e+00 -1.052598252448543992e+00
-5.182455830052623558e-01 5.915719402085866108e-01 7.281746447282203862e-03 -3.716148176981851070e-02 -1.727169309805405506e+00 7.199067442064697175e-01 1.537225186899284224e-01 -7.623119787194266861e-01 -1.827248512763257171e+00 -4.432903549557419276e-01
-1.589189667003017892e+00 -4.580299651119312254e-01 7.774141443205860869e-01 -5.403393284325844759e-01 8.473580076394922056e-01 1.780501255259774540e+00 -6.156287097834860500e-01 8.235067423793988040e-01 -1.180100518969296131e+00 -1.647490762944815001e+00
2.587708305068925352e-01 -1.776495690864345223e+00 -1.230555014669485914e+00 7.290872132905414915e-01 2.628373778622069556e-01 -1.265320290242762047e+00 5.111245656702279039e-01 2.502976887503187142e-01 2.472163676839035928e-01 2.143003979555390681e-01
-9.173797165636549122e-01 1.204861470323382200e+00 9.923925804274101869e-01 -1.483238091297185424e+00 -5.492546963898811141e-01 1.845349927501767073e+00 1.711182283345549504e-01 1.455669086235354071e+00 -6.315571672937472236e-01 -2.853860520097061815e-01
7.424685937180522943e-01 -3.704841793579974341e-01 -3.196038546983133721e-01 -4.798373573716106510e-01 -4.311550727154532803e-01 6.957084753742243111e-01 -1.994824877165982002e+00 1.466358803369159358e-01 2.437466671369269644e+00 -5.980735581594187611e-01
-1.570797378420102641e-01 -1.234931371760661589e+00 -1.926902051321212062e-01 -3.927813408935018069e-01 -6.536138416686154695e-01 1.038313251607621890e+00 -6.652306462076958971e-01 7.453413573241179924e-01 9.792930016784286984e-01 -5.881610871465203783e-01
1.504717297549133859e+00 -6.223629449185125173e-01 -2.443214618573960606e-01 -1.002154401257385335e-01 -1.840686617678928272e+00 -1.569937963522952895e+00 -6.298994053247117808e-01 -3.461771157036155899e-01 8.289621997510442097e-02 -6.781744618645164646e-01
9.596966806371094449e-01 1.049305772717713969e+00 -1.882440585578389891e+00 -7.820548209547313334e-01 -1.774971806192154611e-01 1.906498444150702243e+00 -9.001800073658960955e-01 -1.701915928790938004e+00 1.006441396497993690e+00 -1.992236923220038536e+00
-2.156973613351494734e+00 2.014633980568675486e+00 -2.128494584319132965e+00 -1.940139092742590554e+00 1.012424555244025193e+00 -1.055976026829200221e+00 6.822635222975581559e-02 7.838642618338287349e-02 5.351724530100583355e-01 -8.737368248861685505e-01
-8.338323391250818117e-01 -8.684199291567181733e-01 1.592685236323334363e+00 -9.701557582108959465e-01 -1.814236714686525143e-01 7.960133368804062082e-02 1.914237223478600480e+00 3.337365393666368862e-01 -7.205268718476240952e-01 -8.248064243221315817e-01
-9.564635131107219745e-01 9.448853760608258989e-01 -3.078758717361614328e-01 -1.083725284982290926e-01 -8.469161750506503106e-01 -5.920017020840296906e-01 -7.160485641476090901e-01 -7.691067651262477323e-02 -3.392298872641229951e-02 -2.271375402731747872e-01
5.701468053503973010e-01 -1.386366117390456898e+00 -1.103699347537396847e-01 -2.703230908667860963e-02 -7.675708321090428388e-02 1.747700088777199290e-01 2.118278919637700763e+00 1.876813076320369145e-01 -2.564535429441022973e+00 2.434868032399834792e-01
8.574508791004753494e-01 2.331140044998025296e+00 2.617930158907001426e-01 -1.530176335024495904e+00 1.017289837936040886e+00 5.069801568000810166e-01 7.053727791427305549e-01 9.373515411258456220e-01 -4.386774653156818582e-01 -1.235258775867849934e+00
-2.630092127345834974e-01 7.137213830018659388e-01 -6.993951863041023564e-01 4.308109137143352751e-01 2.849957440184827662e-01 -1.696981917394027317e-01 -6.445535142101618264e-01 -9.109843606246527115e-01 -2.742078169629112772e+00 2.000452471316625513e-01
-5.578458269476160858e-01 -1.571377811087962817e+00 5.361884573777798701e-01 -8.721575811731626660e-01 -1.093697230663708719e+00 4.643244658423013038e-01 -2.302117214343564755e-01 -1.975931204638267658e-01 1.361476208807982646e-01 -2.070815810399504187e-01
9.052815376464715125e-02 -6.712991922161852809e-01 -1.356924524361875051e+00 6.125308193834031467e-01 -3.535851518001117966e-02 2.210157680783070955e+00 -1.740972290233230524e+00 -3.579204384377998593e-01 3.431434825628817964e-02 -9.841991351598879945e-01
-9.419055342437523404e-01 1.416523987695923692e+00 -1.081083580735954452e+00 -5.992629204411142885e-01 -9.936754785999211137e-01 6.849186478440008052e-01 1.693108427883668998e+00 -1.673994472709175341e+00 5.254189495059474052e-02 4.375638756049914369e-01
-2.013879987470019728e+00 7.446358379539913530e-01 -1.492327078362500004e+00 -5.256809617041067195e-01 1.376039908247473020e+00 -6.928394034965278392e-01 -4.391816755719588072e-01 4.374031007895409773e-01 5.100037738345454263e-01 -5.751000581209156914e-01
1.118261752559976674e-01 7.060928887910288276e-01 -2.342304612113581097e+00 -4.273041313635608796e-02 2.257592684737729227e-01 -8.039199599416723130e-01 -4.086679985457800091e-01 5.860397139418394019e-01 1.137974921213648516e+00 -1.015162396249954524e+00
8.653333090574474862e-02 3.989143266006585364e-02 6.840439027067375388e-01 6.118780504012212296e-01 -1.510104761938331208e+00 -1.351260818986837586e+00 8.878208506826767987e-01 -4.664537093488885788e-01 3.782130803779181760e-01 1.417077617248957977e-01
-8.313684666488041497e-01 1.030408575123211046e+00 -3.591838995202581986e-01 1.063735153485939194e-01 -5.594521334695218284e-01 1.190268115655758185e+00 -1.092977005008638036e+00 -1.313178526028077941e+00 -2.135087059153081945e+00 3.889587956607710728e-01
6.668008817280162148e-01 1.429228890877131120e+00 -4.660736542308012154e-01 -5.525885446327365447e-01 -1.471189587045881042e-01 3.805902519872890744e-01 1.179212971322741721e+00 2.847212631052894322e-02 2.396648855889478014e-01 -8.675273738619992958e-01
-3.432553812950448480e-01 3.808200964419484191e-01 6.507792002518620889e-01 2.205857587656605112e+00 -1.440022962565551845e+00 -4.596917980087771305e-01 -2.800644974222125105e-01 1.509900824239042816e+00 7.128943451643243723e-01 1.482611140925467863e+00
1.681161888512288649e-01 3.488818406905485614e-01 -2.736161089844612038e-01 -1.049908106411470810e+00 -6.475545011896042258e-01 -9.735181112477915288e-01 -5.479186953916320019e-02 -9.036127443927519653e-01 -3.299332265516512902e-02 -1.237881195934938505e+00
3.855828376355557863e-01 -9.522855138586850954e-01 -5.112846254300991156e-01 -8.896859802189295285e-01 7.443841329748928093e-01 2.190432151929443627e+00 7.399977878554392374e-01 -5.823677795684888414e-01 -4.421025075547030947e-01 2.276915158116385174e-01
6.949453379445116319e-01 -2.984705876667146929e-01 1.773263179978789239e+00 -1.306488157646170434e+00 -7.246605077846866860e-02 -1.767085627683921745e+00 -4.051404278483729249e-02 -2.856961234696084873e+00 -3.688795297746586543e-01 1.465265532809484572e+00
-2.978089590122153796e-01 -2.713488762876306470e+00 3.690503265025241730e-01 9.584308109434596101e-01 4.646454032898332809e-01 5.481478347387550576e-01 1.280049630175574549e-01 1.392530406721734559e+00 -1.245036715935809446e-01 -6.432323541686880697e-01
-8.873300924156256597e-01 -2.304967291561964338e+00 5.368520349030033723e-01 1.326450958164603899e-01 1.205078851779954441e+00 -2.052369224034001349e-01 9.673253649897126660e-01 -6.633088622784106825e-01 -1.823746525108670413e+00 -1.158365174115380647e+00
7.750432545552398134e-01 -1.112128737760349345e-01 -8.734148291868906178e-01 -7.534563316733164928e-01 1.089115835833184415e-01 -2.451522876651784921e-01 -3.368931942771458826e-02 1.472929396391571721e+00 5.435596763667712716e-01 -7.330645295160528319e-01
-4.732731950926372666e-01 5.882732398970255683e-02 1.725219498668631113e+00 -9.844452012092030913e-01 2.186103092322807306e+00 1.692635315180555544e+00 -9.107483218637268951e-01 -1.306285076172647164e-01 1.908469961562529738e-01 1.356509541631172322e+00
1.179351460223157400e+00 -5.788901413967028065e-01 8.828800178331429604e-01 2.348754125059771547e-01 -6.431668330699334968e-01 -1.321894277078661695e+00 -2.412781939691824029e-01 -1.769791648244169568e+00 1.010423365039290644e+00 8.235999571520834506e-01
1.869503102147186402e-01 1.052115983841177327e+00 8.066633809738683603e-01 1.703200494929296926e+00 4.857947461555473523e-01 6.187251810560334686e-01 -7.365919437203387599e-01 7.599439815023294187e-02 6.719027090368436816e-01 -4.729992405916641496e-01
1.013869995152285819e+00 5.391231863725508555e-01 1.451150022386951788e+00 4.739271201378728593e-01 1.353305019279007260e+00 5.008170637438631445e-01 -9.190000547506291806e-01 -6.418308056790544835e-01 -8.158458103111091431e-01 -2.685498465080534691e-01
1.402456142633051295e+00 -1.465822634034011029e+00 -2.740336018404571305e+00 -2.337539817686218324e+00 -4.737244366000261664e-01 1.237602976780395991e+00 -8.493998521608414620e-01 -2.219091626695782082e+00 -1.775903126625273942e-01 1.756800483776649047e-01
-3.425201072234744237e-01 -3.575069364168290131e-01 -6.084735068370887845e-01 6.619781756513145599e-01 4.404688338663417246e-01 -8.216577480170376979e-02 9.896398185248559409e-01 -1.518082220283691330e-01 -1.537707709032099856e+00 -1.147918847273575071e+00
3.385081783372291819e-01 1.187446002496993058e+00 4.461441587311646417e-01 -1.143655651265504253e-01 -4.935794928202714149e-01 -3.001261946283100834e-01 1.128550119762367965e+00 -2.275824165970745216e+00 6.778250109063880258e-01 -1.909859854114066557e+00
7.642868289911126656e-01 1.787744319821778227e-01 1.674170015682034940e-01 -1.062179545118765445e+00 -4.093051830878975950e-01 9.634010977827967004e-01 6.979405993346875503e-01 -6.826015286190532105e-01 1.629297908494675262e+00 1.347090143701171083e+00
2.140404078259906306e+00 -1.213446181297678672e+00 -1.066715541647671461e+00 9.500357236460944543e-01 -1.202083087066797340e+00 -7.876946170844583150e-01 -5.825429902596362952e-01 3.390248179757500147e-01 4.277338974309213837e-01 6.597558889795596127e-01
4.956071402737695086e-01 -6.304516933821628921e-01 5.883662352611140206e-02 -1.045669389165500007e+00 -5.239927653239732086e-01 -3.460737628681454514e-01 5.155129802038938003e-01 -7.483763298501450167e-02 5.071609615506995627e-01 -4.743352653839962851e-01
8.814176608189575601e-01 1.170941404018588927e-01 -8.421193050288293680e-01 -4.568043076660362467e-01 -5.637206105755414587e-01 2.027232480138283499e+00 1.893342106659132051e+00 1.031775703371516251e+00 4.749925999291982337e-01 3.087404056743632830e-01
1.189070193798182906e+00 1.254261140693901377e-01 1.636978190661710686e+00 -4.905680609541653858e-01 3.374034343579516981e-02 -7.395062152758216101e-01 -8.068702686045158279e-01 1.389228634189069167e-01 -2.259972199601841147e+00 -1.446346082979158565e-01
-5.234674991430610103e-01 6.635648604215975688e-01 1.177609975876850457e-01 1.914201833328851299e-01 1.306883081607004282e+00 -5.252778935465446386e-01 -8.595913254080755905e-01 1.105361848090191224e+00 -4.455179623351325224e-01 -7.898303690083809947e-01
-1.790151205555859715e+00 1.841453270325632330e+00 2.236609962616621095e-01 4.014916343816699040e-01 3.031427297667408371e+00 2.878521116261105739e+00 2.810365607222816697e-01 -9.330297464379591621e-02 -1.230210352582655764e+00 4.426933029614068538e-01
4.551203380042687652e-01 -1.516143514068334086e-01 2.364082666368092056e+00 -4.595667740150372604e-01 2.064205259328837361e+00 -1.293762932933555154e+00 3.436374566384072793e-01 -3.574560330095007399e-01 1.322004557640201972e+00 -8.957551532970440267e-01
-4.530944239594307255e-01 5.373687552499651909e-01 1.771663020459364635e+00 -1.927599090563428541e-01 -7.129038203501562032e-01 3.403960737367116018e-01 1.296318600759644446e-01 3.514673915434469303e-02 1.716093681062306510e-03 -5.842986112307103630e-01
3.728415251077116799e-01 -1.354540454901398627e+00 -1.127788343274996441e+00 1.975807962834279508e-01 1.524534381431567276e+00 -1.863222181563577218e+00 -1.266304906195442337e+00 9.716428831503018948e-01 -4.142933271445848331e-01 -6.029118944840257122e-01
-7.286850099100983247e-02 -9.961000972160790612e-01 5.481622362527761583e-01 -6.765468086841920359e-01 -1.635021583698141212e+00 1.057281726736019278e+00 1.486006526472510858e+00 -6.847584314258939875e-01 -6.009556595947181945e-01 4.218448263796080455e-02
-1.703292621815269081e+00 1.382592277730364527e+00 -7.221588798435044643e-01 -8.228970502667224407e-01 -4.438844455393505806e-01 1.797527399318717078e+00 5.550095003759333290e-01 3.883003366031426706e-01 -1.212574241433271194e+00 -9.509731544069710552e-01
-1.423391372068801841e+00 1.961597871751315392e+00 7.027627926785658119e-02 -2.459602213307501006e-01 -7.246453980370813619e-02 5.756550121138255260e-01 -1.529503755529530551e+00 -1.519626953793991875e-01 1.340162125066547194e+00 -1.156644654385762472e+00
-5.925216933181835094e-02 -1.018529810383649092e+00 7.803421000380926786e-01 1.232443208183050309e+00 9.799140053469317102e-02 -4.728091042087385620e-01 -1.044168661675788812e+00 1.081910245569113416e+00 2.123474841520196499e-01 -1.440173628357364066e+00
3.008427074314995453e-02 -1.832422309365425495e+00 1.053156224427270971e+00 -7.463985458524766692e-01 5.935488754844604475e-01 1.241725566607704279e+00 -2.004069779501593818e+00 6.886221489951844799e-01 7.930028050401091710e-03 -1.553061112085871276e+00
-1.365881879176027991e-01 -1.301124295027004107e-01 -5.438282583100145784e-01 9.835163738139565681e-02 -1.261349765680584767e+00 2.519437519473078368e-01 -2.346654993616681395e+00 -6.325352459126158955e-01 -1.098757315805326540e+00 4.736651742866775372e-01
2.829225589920605355e-01 -5.342881481938697164e-01 -4.260276267103247916e-01 -4.974552473507294903e-01 1.298479960072845552e-01 6.074572468206308473e-01 -1.834040797798816014e-01 -1.943698849223787883e+00 -1.361133574980927685e+00 5.750669327385580232e-01
9.596528277815805641e-01 9.296301641888249367e-01 2.290587680433693041e-01 1.908831024834720669e-01 1.346680101859943690e+00 3.775487426076294395e-01 1.391687493892175054e+00 -8.192493190865594854e-02 -2.367821573379151001e+00 -1.830405353930187884e-01
1.031056018955755382e+00 2.009133090906707608e-01 5.252071010487743274e-01 -3.421490467983573924e-01 4.593909084278274269e-01 1.742415082921230818e+00 6.951180436644547322e-01 -1.622624513483074349e+00 -1.336215537105015505e+00 -6.806978637630042295e-01
1.095943223683026463e-01 1.288695782393230738e-01 -2.385771696398401032e-01 8.871715644675918222e-01 -7.626833039588813701e-02 2.606225863798530828e-01 1.685286213712703929e-01 -1.120729067370295207e+00 -2.282442895805099070e+00 1.672081164978499734e-01
8.270609859964047836e-03 -4.657340809645754698e-01 1.274421580212820038e+00 -1.271489817079350493e+00 1.020697651980859266e+00 4.685539074852900776e-01 3.674084418995622603e-02 -7.141368998217404451e-01 -9.080972147435090180e-01 -3.119627770005573356e-02
8.577233297687954228e-02 1.095702491862144523e+00 -8.018062305755708774e-01 2.257808114436831992e-01 3.051725714753285301e-02 1.382095758315369238e+00 3.433030717255858288e-02 8.186097709400731448e-01 -1.878224180339764349e+00 1.742843562294345894e+00
-1.670150656698351055e+00 -6.892308296632695397e-01 2.200398853341779759e+00 -5.684126692709731143e-01 -3.592785685528176454e-01 -5.572867770454615899e-01 -7.584216373309808634e-02 -1.556830227679476542e-01 9.495377341722865960e-02 2.711449567442071329e-01
-6.904971535285890916e-01 -2.208282456223345236e-01 -1.278328396228996855e+00 7.039367565947215466e-01 -3.109542890452888231e-01 -5.527180527759658624e-01 1.435224732658311630e+00 -3.549091604430076874e-01 5.547280096570718078e-01 5.190914269244615298e-01
1.602298858555627481e+00 2.437682999774839487e-01 -6.607870007727155715e-01 -2.785123003979107503e-01 -8.603801530503711603e-02 -3.798140648000663533e-01 -2.040374455312945923e+00 -8.818220680702192338e-01 -2.094582043262803450e-01 4.970838529394501770e-01
4.537077157022401108e-01 -9.596199649642633833e-02 6.332022947416218184e-01 5.176719775127378576e-01 -4.997444633753377885e-01 4.264130933704228243e-01 -7.194761023179305215e-02 -1.949489148671610605e+00 4.358739628096860441e-01 -4.011654634400334540e-01
-3.528695421287165179e-01 1.274147330063966965e+00 1.385228722030929394e+00 -5.291586749280063895e-01 1.918689746042500976e+00 8.406496588250060853e-01 1.927275167026958780e+00 -1.756048408012698347e+00 -1.699760865201807580e-02 2.810383218225299129e-01
