1.458366101864404962e+00 -8.728522208923019665e-01 -1.620709338863433047e+00 1.758177891887084066e+00 -9.151807325323340070e-01 -5.787553493180381814e-01 1.014637066057468395e+00 5.289121356436453647e-01
-2.558348658428639677e-01 -4.183343514628347082e-01 -1.488598343753153308e-01 -7.322117703507381725e-02 7.597438940739069668e-01 1.217589782131843990e+00 -2.419195148936258977e-01 2.359919893162200299e+00
-7.530125642100812255e-01 -3.821901344159787106e-01 1.779627192270928138e+00 -1.218546615041615100e+00 -8.671404420927245615e-01 -2.369661434018914548e-01 8.856422210099583747e-01 -6.894608194958655734e-01
1.219549638587609453e+00 -2.083056181935221685e-01 4.948688052657474468e-01 9.745856462317584734e-01 9.532449159103117964e-01 1.908582653872513690e-01 1.199160578552723511e+00 6.753780286421463552e-01
-4.810328385355814307e-01 2.124803126053088909e-01 8.088557351619063418e-01 1.183496057829757309e+00 1.183898518116887288e+00 -2.917696672125477675e-01 -8.764619839852598737e-01 2.002362598018357365e-01
9.006290453070112667e-01 -1.072529472222152558e+00 -8.329365196695696083e-01 4.333248123373484306e-01 7.924569248258407361e-01 -2.648055986084515423e-01 1.267146131913703400e+00 -1.060386865142850743e+00
-1.329812306764298846e+00 -8.000670283065776101e-01 2.354478774268694341e+00 -7.151538112490458676e-01 5.139542594388231134e-01 5.629839373323898277e-01 -1.075655707194193234e+00 1.530950337589977339e+00
4.520430564030902820e-02 1.793867698098640329e+00 1.706205766500140442e+00 1.149563868535886435e+00 1.068075497194322265e+00 5.331678634620677926e-01 -1.267350485492121370e+00 1.555067707974423508e+00
-6.691438154610340749e-01 3.627767075055581825e-01 1.446843320013694312e+00 -1.298746860707345130e+00 2.136030883688410098e-01 1.550211813040083264e+00 7.378541742130587666e-01 -4.725450443326686956e-02
4.964906406302913022e-02 -8.056728524864797958e-01 2.715891187421251018e+00 -2.313407361306145660e+00 5.338117956129110331e-01 6.492003921469020611e-01 -9.953381622467270817e-02 -9.775242131433747872e-01
3.990375486232041746e-01 -3.372919538375758197e-01 -7.380215255037599897e-01 -3.509919819745679903e-01 -7.368944523353180287e-01 2.312954136393660320e+00 6.662520648010858970e-01 -1.069731714137467371e+00
-9.918751114041642891e-01 1.155162805124667402e+00 -5.695361606299422785e-01 -3.007674233327931601e-01 -1.548061514385731474e+00 -1.338340158792059809e+00 -3.711486434690474123e-01 -4.383663820706410474e-01
2.676386183342029379e-01 1.000893086859641956e+00 -1.183172263747975794e-01 -6.216886810440795941e-01 -1.186724851261931279e+00 -7.736803601322762569e-01 4.899891904228601547e-01 1.750193741807817061e+00
-2.251228991727174389e-01 -6.007679550500876209e-01 -6.065736477410348382e-01 9.468137502012534679e-01 8.224042115573972911e-01 7.984480441200370038e-01 1.159952003903486906e-01 -3.121640918661570119e+00
-5.332028620655206996e-01 -1.403179881832547382e+00 5.689679567812814254e-01 -1.428778450573267855e-01 1.217798731644487376e+00 4.065579169792953862e-01 -1.627135638326936862e+00 -4.581645651018637078e-01
2.827629368642480268e-01 2.324789156747216534e+00 1.369412155805154407e+00 -1.617609458246559218e+00 -1.272101386334282935e+00 -2.258062421972385714e+00 -4.013254693507364301e-01 9.600432933175312433e-01
2.285607221453636873e-01 -5.981734858251560594e-01 -1.457834179576189326e+00 8.301944394893286949e-01 1.908227189584054961e-01 1.103593707061291118e+00 9.639819593614602500e-01 -5.932670476981484198e-01
-8.000517303655060863e-02 -1.809007035641176375e-01 1.660276948004631103e+00 -9.404401477435853085e-01 -3.337834398752554943e-01 1.016128341163046178e+00 -2.888292127817201127e+00 -1.247701349664225967e+00
1.197489284741320770e+00 4.129963986207857984e-01 -7.122710639788162323e-01 5.550847083829538731e-01 -6.712777416240093276e-01 -8.928821494123178049e-01 7.269632707697007423e-02 3.492836263579994771e-01
-6.463632074590333065e-01 9.112467806025089656e-01 1.421770471354284471e+00 1.126961586106610014e+00 -9.137266185908662353e-01 2.269836301333139517e+00 -3.363069957647498720e-01 2.010588600392752487e-02
-9.355788310580318567e-01 6.794920069516198202e-01 1.530486732876433553e+00 -1.459185443717932358e-02 -5.651788590707791382e-01 4.893698666481536841e-01 4.313283286793286875e-01 6.165194077325373279e-01
1.075818765375575969e+00 -5.319428862049405682e-01 1.936020776523167841e+00 7.029006623529674425e-01 -5.253455616365872993e-01 -5.003641644043198555e-01 -5.855117654761011758e-01 1.751821864879639756e+00
-6.007620993094944239e-01 2.418437153999397904e-01 -1.203389747551208311e+00 -2.664894016984419300e-01 -1.031906642754698789e+00 1.713421935826472953e-01 -6.954448334010363553e-01 -8.687779751390453109e-01
8.254793187711756408e-02 -3.485163790703844078e-01 -5.471995968961753665e-01 6.666828110214317871e-01 1.750337289630874871e+00 2.713933726284681214e+00 1.769574904278502725e+00 -1.247156760496669348e+00
1.191637179393738144e+00 -6.095876834300467673e-01 -1.246717574953599916e+00 2.280604103467245292e+00 9.299615787627023566e-01 2.711506727743572334e-02 9.496104384227936901e-01 2.312953443773505313e+00
-1.994729782978838184e+00 -1.013031325572548935e+00 7.582137375947747282e-01 2.110234109731468910e-01 -1.503233449183112580e-02 6.608170912951234488e-01 4.266535236759619321e-01 -2.875697981708180140e-01
-5.102342939994649607e-01 3.435530394318767611e-01 7.394994121134722542e-01 9.404268415681706905e-01 1.358639175578958636e+00 4.810889238967308024e-01 -1.507343612803411004e+00 5.414089312252201580e-01
-2.109356702215046564e+00 7.531637277966755084e-01 7.841052725136087309e-01 -1.672822548235178841e+00 2.381588580292143265e-01 5.806656238231344691e-01 -1.288939774102767361e-02 -1.954298502436887075e+00
1.226102695404269527e+00 -4.072842791197093248e-01 -2.032542183247522338e+00 -1.744014614178002631e+00 -1.273223474587901638e+00 1.194534490099289137e+00 -5.409122697821303616e-01 -1.255177109608460739e+00
1.082509481419950736e+00 -1.029915967374412933e+00 7.122699079596066518e-01 -1.229903990258022883e+00 -1.878993414372132742e+00 -2.366697253853889682e-01 -3.626372610799908913e-01 -9.003942937731590490e-01
7.450734825616104340e-01 -1.989510271292511956e-01 -7.658609327929825072e-01 8.050482240209237972e-01 -5.545629826121367678e-01 8.945745853279558624e-01 1.774710637857601081e-01 7.615097906816887807e-01
-7.148799512349149898e-01 2.001778367819891935e-01 -7.760601221417618989e-01 8.121814759244134763e-01 3.214038994713926400e-01 -7.784960387023931450e-01 7.462505362608496950e-01 1.796488633299363702e+00
-1.850054451681808709e+00 -2.580124671756677257e-01 -8.794195609500551347e-01 -4.543308059146188294e-01 4.382162500597527877e-01 7.344791641584000885e-01 -2.873605121445126365e-01 3.650135913308006352e-01
9.116389742067954050e-02 1.009006316093162159e+00 -2.567894694316191551e+00 -1.901719770396001152e+00 6.923915262027915407e-01 -8.104924711747822919e-01 -2.370205942093292606e+00 -2.405469830237405571e+00
1.635821049131644278e+00 -4.061146247165306478e-02 -1.498744781229947032e+00 1.987917140960954621e+00 -1.960873347057351668e-01 1.496038620589508206e+00 9.059814692556465987e-01 -2.878332762432082026e-01
4.984058024268896436e-01 -1.160404353614065132e+00 -4.779851696202012251e-02 1.587140565322135766e+00 3.747871348988674467e-01 9.038672649563029848e-01 1.635737440755987038e+00 2.229197082599110757e+00
-5.261140575217346793e-01 4.077291640187378358e-02 -5.443116428847173671e-02 3.398927849315507843e-01 1.619469198500613549e+00 -5.404737057953926671e-01 -1.953251596682554991e+00 -2.618875306809234638e-02
3.765910908896645815e-01 -2.162441990275632553e-01 8.095046485204357989e-01 2.599148571257192120e-01 -5.690108545214348501e-01 1.181770415909997318e+00 1.438336899375101785e+00 -1.471238723433055284e+00
1.029523583390516084e+00 7.257864036394694462e-01 1.074075682213898153e+00 1.040125970136745348e+00 -1.866736570983477117e+00 1.428695531875769642e-01 2.769331317844658247e-01 4.569555188338156326e-01
-7.627438641625447491e-02 -5.057142225942869856e-02 -7.222332046868192856e-01 1.403456148052962371e+00 7.784706715045736081e-01 -1.072172978910347130e+00 -1.551269720597903135e+00 5.356736345939596688e-01
7.508822793036787901e-01 -2.447541339422995843e-01 -2.951526897141561467e-01 2.206558687520284168e-01 4.996539589762831746e-01 1.328157768013076279e+00 7.999817417456360769e-01 1.249836013947390301e+00
-1.483340975327417377e+00 5.577051039174120151e-01 1.395202218934422422e+00 1.020011312719254937e+00 6.812490845388097238e-02 -1.279820006524145515e-01 1.181919620301784546e+00 -5.510532265189174023e-02
-6.587535555457708636e-01 -7.682584428610628180e-01 3.288847419066988631e-01 1.933639454003105163e-01 9.628059187081182690e-01 -7.302458450739535145e-01 -1.096467744344619133e+00 -3.671007948985380853e-01
-1.439213194214209457e-01 -1.724636739312424893e+00 4.382328971190306843e-01 1.142066929413007026e-01 -8.974354517463981606e-01 4.754944768643996622e-01 -4.572684665138414539e-01 -5.444625563160826465e-02
1.140086034734803938e-01 -9.333024882152138879e-01 1.334640052742238903e-01 4.684098119701691348e-02 -4.050113636930435801e-01 -4.692968050305235117e-01 1.409974322233682242e+00 4.520223028364187545e-01
7.548431030830631272e-01 5.665763695878882622e-01 -4.822647245665170890e-01 -3.767352648879737642e-01 -6.510688680676912643e-01 -3.876704429410965380e-02 -9.619109201151920807e-01 4.484253892610143843e-01
-1.765254502965537986e+00 -7.585419437710247959e-01 -9.840439693806330990e-01 1.003899490075660150e+00 -3.451005762292709833e-01 -8.609927112646863501e-01 -5.900114008153553025e-01 -9.805812948903760429e-01
-2.839752583973662037e-01 -1.311105924405154277e-01 -4.826297336788655246e-01 6.129470731131383410e-01 -3.140355666787291722e-01 -6.046643406944712806e-01 -8.578814425775285191e-01 -2.296200284287314153e-02
-1.356477630559465464e+00 1.118436673735476505e+00 1.920948584670846837e-01 -3.151697866105771517e-01 3.094930947979843139e-03 2.882708965045255867e-01 1.346250235115587168e+00 -1.512574832645291911e+00
1.207818932418794233e+00 6.182047215688799557e-01 7.983564627865409324e-01 -7.923302063655556227e-01 4.772608351349409972e-01 -7.899232162451144124e-01 -1.583669318858611508e+00 -1.296315243696380959e-01
6.611036608472738996e-01 2.031462203244321696e+00 -9.825635982182906458e-01 -5.087196292808728870e-01 -1.839198491103680055e+00 -2.629053791204097323e-01 -6.801071108646061791e-01 -3.384975481806040687e-01
-6.912056757442466282e-01 -8.777661658138596890e-01 -3.043002645451747812e-01 2.093887347341541805e+00 -4.134885412439202601e-01 3.061043838857191446e-01 -1.239319565326337580e+00 4.643074289147305911e-01
1.905379630300481908e-01 -1.168797309212719737e+00 -1.765176937199396612e+00 2.950217030371281024e-01 -2.245103959881742939e-01 2.523925552293649344e-01 5.510675229908156281e-01 1.765396201467450688e+00
-1.182414469897620224e+00 2.641662180376979085e-01 -2.597809422183029682e+00 2.499485313975798317e-01 1.496948861799821895e+00 -9.088457802890989035e-01 -2.111820275501179900e+00 -2.248780211106306270e-02
1.157441959578343615e-01 6.816059806942884047e-02 -4.041970912429200258e-01 -5.301268904439356833e-01 9.451073506267471114e-02 -3.746723334808907957e-01 -4.030639649426785709e-02 2.420122838758058392e-01
-7.953181687379803910e-02 6.013545047294875934e-01 4.818251536704632604e-02 1.054628187613281254e+00 -1.127157909493533339e+00 -9.091082562292865932e-01 2.293146711547429037e-02 1.118001880149712912e+00
1.009909174806716825e+00 3.871164011068337074e-01 -1.897472510324645478e+00 -1.071601179058354392e+00 -6.999855286488245731e-01 -1.119706556567717087e-02 3.471413761407463605e-01 6.425224940896505643e-01
2.756070265198798941e-01 6.189497561159474914e-01 -9.648896919341080070e-01 3.129495928250666026e+00 1.238692239078622165e-01 -1.710456451566667591e+00 -1.795629227330258093e+00 3.921625127458185922e-01
3.927013327631418416e-01 1.378266560768617532e+00 6.390839969601125325e-01 -1.477323316531875819e-01 -1.193950894340550795e+00 -1.093542537682374194e+00 7.760999334315630271e-01 1.161261748197857102e+00
2.058998054249628673e+00 1.876776941113097896e+00 -1.009777044708305149e-01 -1.347136519521657361e+00 -2.489539665598334284e-01 -1.179453207723479169e+00 1.015189272584907654e-01 1.191990595938222208e+00
2.584896241007593187e-01 -1.246578595070610279e-01 2.641663482706580468e-01 -4.484782779439548950e-01 -6.185248775885537897e-01 -5.424966836379877533e-01 -2.820711969368189243e-02 -1.683839156936660364e-01
-1.353843630045448387e+00 5.332858444133320441e-01 3.699117425949104976e-01 2.196212215859402406e+00 -8.055058096630679509e-01 -1.024179053504197912e+00 -9.400408070894521462e-01 1.007830351200914576e+00
9.681530074800800412e-01 -1.389569748255180981e+00 2.989598790910108495e-01 1.962772690076504345e+00 -5.663294456103119545e-01 1.681634378525291573e-01 -1.190594977981484615e+00 3.756904052711640407e-01
-1.388265332494709847e+00 5.322632431692609911e-01 6.937021708421179378e-01 -5.939600255212330593e-01 6.075189490897691114e-01 8.154737601063003494e-01 -2.063115495185048887e-01 1.370439926585363288e+00
-2.207872839037468449e+00 2.903419515629724890e-01 5.500216127929998672e-02 1.347739720110570971e+00 -1.296633907505070127e+00 -5.231910374115411599e-01 1.678393451923746449e-01 -3.014079807668226113e-02
-1.002129975445382515e+00 1.230178260473138163e+00 -1.800796065085344067e+00 1.007631490269318197e+00 3.778853906756972358e-02 -1.600895864751282760e+00 -1.654316495059668934e-01 -8.118366247985746298e-02
-1.429417666366364026e+00 1.716205989144390598e+00 -9.388128108006148220e-02 -1.323911356375958359e+00 8.951630820863587523e-01 7.894176962112413598e-01 -2.575348878460774760e-01 -2.298294432566579282e+00
1.655127899323798057e-01 1.012842963808217867e-01 -1.346061947375233103e+00 7.424574006516321267e-01 8.659830528188402488e-01 -3.809306067716894395e-01 1.760695670596555074e+00 -4.968182837459354517e-01
8.032952496168686007e-01 1.406782252617052864e-01 9.250873885620215786e-02 9.199389276966561946e-01 1.744496086386482459e+00 2.780659801890710825e-01 -1.013197003094339355e+00 -7.510435198631112419e-01
-1.234599820547467530e+00 -4.445787784304053858e-01 9.536169916551895387e-01 -7.025070350379828410e-01 1.248120657777375131e-01 -8.585169518934855359e-01 -9.791011543519093085e-02 -5.122340953438767747e-02
-1.101137785957115200e+00 1.430790988764464033e-01 1.229361171291476929e+00 -2.286311090393373213e+00 4.014864683803471834e-01 -6.014165687025474494e-01 3.959198950226049951e-01 -1.868589894608508328e-01
-8.981383019513843324e-01 -8.272964850055339880e-01 1.209370003335510368e+00 -1.538551895841528960e+00 -1.288566185279221843e+00 -2.029904291281173223e-02 2.260138028781963626e-01 2.652976719691549357e-01
1.543097086174680388e-01 1.668778014058483361e+00 9.790352330894477872e-02 1.067513373969248835e+00 -2.435566657765293463e+00 7.264709335972299731e-02 -1.640378483370211082e+00 4.762462830624228927e-01
-1.720939004582104637e-01 3.285461019675295358e-01 3.476607850735984329e-01 7.272061509803550150e-01 9.541423830145266682e-02 -1.370621898987556486e+00 -5.272353466741208639e-01 -7.259481493838496058e-02
8.502765516081425279e-01 1.362608188888852490e-01 -8.556256205272277926e-01 6.374288901783675687e-01 -2.894870977240759924e-01 -8.470379745749868627e-01 8.005055180316827945e-01 -2.019791818832908925e-01
-1.612791559229983074e+00 1.014087470684691406e+00 -9.905809889686383318e-01 2.541658559132778383e-01 9.976794957696221156e-01 -4.013715291880246561e-01 -4.933686572485438959e-01 -7.586136977927013803e-01
7.750130226557467861e-01 9.322856427901469178e-01 7.065659053203414697e-01 1.902406641452924208e-01 -2.197411264895126615e-01 -1.009352751566670925e+00 -3.825449878167526685e-01 -3.677904074861654826e-01
-9.617135375693507127e-02 -1.330696992693014002e-01 -1.435077999015808847e-01 1.129075911882845951e+00 -5.849638111047588129e-01 -1.869316348062025346e-01 2.992529048584500195e-01 -8.675976262483664492e-02
-1.275703685583092217e-01 1.459056431817837840e+00 1.010477468753898433e+00 -2.164200452749789783e+00 6.460991337566757142e-01 -1.485263770753842749e+00 -7.522265715349987225e-01 1.825091993136933877e-01
1.196592862433217386e+00 2.362049527296239682e-01 -3.902424147033675683e-02 -6.413056455487929908e-01 -9.757061000583505672e-02 1.205942912158209035e+00 6.495934048961865548e-01 8.347679441704876080e-01
2.826250919242453974e-01 -8.500103943819828922e-01 -4.020410094663417477e-01 8.239173408427286072e-01 -1.882945345950611360e+00 7.908129391840025280e-01 1.488257488059138989e-01 1.591995032476409555e-01
6.497385568837823477e-01 -7.878768262601206773e-01 1.229452471490038445e-01 1.211182146308641183e+00 -1.017438128458562296e+00 1.185115762534196815e+00 1.948094520731792623e-01 2.372357587341505092e-01
7.448260029869480103e-01 7.557914482433031322e-01 -8.806736646892120435e-01 5.238783418753722998e-01 -7.468299515621446005e-01 -1.313365924159241249e+00 4.766962994964135669e-01 6.230891390366803950e-01
1.211451574455701730e+00 -9.002228233196967189e-01 5.839028521180761322e-01 -1.319279960866790669e+00 -4.343116863050382470e-01 2.231135043103444904e-01 4.854448396197570958e-01 2.354770314002975762e-01
6.632157956166373491e-01 5.771063053285053757e-01 -1.484976526026653421e-01 8.445894388460879754e-02 -1.534586936560019543e+00 3.176778021707640232e-01 1.053706919384552299e+00 2.143666580450240833e+00
-8.456683591487871299e-01 9.336574563921399283e-01 -9.874264387011050248e-01 -1.068683130618536037e+00 6.269700312334198777e-01 -3.650003579560636147e-01 -5.081262199633966858e-01 -4.438641320146978764e-01
4.538098674017791434e-01 9.242472151568684180e-02 5.321071921848516961e-01 -2.255807773498538782e-01 -4.598210030978546192e-01 -3.120840649726399074e-01 5.574807712233244006e-01 1.453839511551468622e+00
6.634336362670656406e-01 1.069539101408509385e+00 8.187321813955230621e-01 -7.106282681726362460e-01 -2.228878436683173671e-03 8.299359896263625025e-01 -9.281881350519749496e-01 1.592343202912382072e+00
1.483567122593744791e+00 9.460109254407630952e-02 -6.575444891233488409e-01 -7.118574402192336947e-01 1.328468177621549673e+00 9.233498989664508105e-01 2.547204090138279753e-01 -1.943229050045067519e+00
-5.623341593360445811e-01 4.205900366410822433e-01 2.912363092484030469e-01 1.127656681122183757e+00 3.087091085448577799e-01 -2.190450675149537840e-01 -8.725251180019930053e-02 1.084759943158795759e+00
6.712439542033112050e-02 -3.150002528421619319e-01 -4.764807112425977209e-01 1.292849576298814362e+00 -9.143965015325834500e-01 -1.094002805829913105e-01 -6.282846424892302162e-01 1.018463390074533681e+00
1.454314600111185296e+00 5.600526308948322596e-01 -4.909516751210056262e-01 -5.030302939071194107e-02 3.078551221032394536e-01 -1.217287790271375236e+00 8.423553833688081083e-01 -2.667483209719652762e-02
8.043957397917607111e-01 1.329355962090137844e+00 5.951751006851955239e-01 -3.785760126035349615e-01 5.350092413231458122e-02 1.771953796874591314e-01 -1.639253741785676732e+00 -1.022176853336192043e-01
-1.873937312375501540e-01 -9.489915273842661758e-01 4.164493870989355861e-01 -1.258738923400938070e+00 -5.366931667398479044e-01 -1.748860785680309782e+00 8.098248082514575286e-01 5.257343766949579278e-01
1.578301252828360202e+00 -4.854278589697454960e-01 -8.979774537235897247e-01 -1.273091596296242578e+00 -3.496689204311985155e-01 -1.252530330921010071e+00 -5.968921577028771935e-02 -1.027756210857385888e+00
-1.433906709298900628e+00 3.337101212250980220e-01 7.853597655682965639e-01 -9.615392840248103701e-01 -8.822289342689740854e-01 -2.117808221029010785e+00 7.276834293715376267e-01 8.789180737009040234e-01
-1.135265100807738126e+00 9.910305074904421918e-01 -8.388505193241879709e-01 6.059832339493790299e-01 1.137391969182282025e+00 4.632137834987978264e-01 -4.904912708303464930e-01 -1.544984945815091049e+00
1.590733386734154708e-01 1.716548484303911382e+00 1.028431936182241380e+00 -5.395094427806523818e-01 3.464832694879329544e-01 -4.551799344666680042e-02 -1.865567940314581286e+00 -1.186348607705909552e+00
-1.599449598248690041e+00 5.568283209819576557e-02 1.404138624414745129e+00 1.505636496319526341e+00 -9.514654962460624699e-01 4.359380594314841151e-01 -1.277505250844594320e+00 7.010970704582897284e-01
-1.179257079502939787e+00 -9.819290076111223398e-01 1.419063934294238605e+00 -1.152742428942436614e+00 6.834882858866819788e-01 4.733325083789947096e-01 5.429432385291426133e-01 3.294559353346559472e-01
