3.685330026455866070e-05 1.560130126842732782e-03 1.559469669846396843e-03 2.059791855653259670e-03 7.891007819988101520e-04 1.658227746747408448e-05 3.920806233800064149e-04 1.391651970264703910e-03 1.768624632487574358e-03 4.952278135580885123e-04
4.492754370231139970e-04 1.226250149475556625e-03 1.689580733850497068e-03 7.820501058002726855e-04 1.029105350730673881e-03 2.944253665494501494e-03 8.849944466410605663e-04 6.402619133949752567e-04 1.117687406135760243e-03 1.099207198274693804e-03
1.479256786600343699e-04 6.180509615026244605e-04 2.142425699700084256e-05 1.110257289605106517e-03 7.047224693024595980e-04 9.972781657616781078e-05 6.282723555425885663e-04 2.379488130093302366e-03 1.077935295388210771e-03 1.756011700200832025e-03
1.125058028226193045e-04 2.014193128581834150e-04 4.889543248296304191e-04 2.186080354042106147e-04 5.751874503579907348e-05 3.681499702756084631e-04 1.349708470000073610e-03 1.650497865782146831e-04 1.550087019811547924e-03 1.210080145252697336e-03
1.474309840917703833e-04 1.672205099472484895e-03 1.339100192535159063e-04 4.978751014232246901e-04 4.529002825363398141e-04 6.599067233655985746e-04 4.928698818394934089e-04 2.284998759217415334e-04 3.068334289329779571e-04 2.135796379203211773e-04
7.424642254033197867e-04 1.831899032388578099e-04 1.785239031353519975e-04 4.703347069782211234e-04 3.519151038113925954e-04 3.687105988731210820e-04 1.280411354596183975e-03 6.472612681178280649e-04 1.818943420849782489e-03 5.421625037586467804e-04
1.186302117699996640e-03 3.716427373491962304e-04 4.915881456058398061e-03 2.398257289765501950e-03 2.902557509193135518e-04 1.623002401711926815e-04 1.544135398216728229e-04 2.670862312380741909e-04 2.996468986243297061e-03 4.028830229179958819e-04
3.193414436600960568e-03 1.727437266581683122e-04 7.113463298619715752e-04 1.324448694318329815e-03 1.834288133594485246e-04 1.971368935896664117e-05 8.347156692408951029e-04 8.747565663196833936e-04 7.956091521611266537e-04 2.324595728370462515e-03
2.439894147656433698e-03 1.055265350436873422e-03 3.920345873031105301e-04 2.722721053280524953e-03 1.956616891389072362e-03 2.996074964695908814e-04 5.381410236168464442e-04 8.088824480646244911e-04 9.398778215508116337e-04 1.512877986948986874e-03
1.294512691834008534e-03 1.272579361568283154e-03 1.109637821345101213e-03 1.631327815573814771e-03 9.416878218975669032e-04 6.252871165450366205e-04 1.805284025341171751e-03 1.986547920694845416e-03 1.830864746421462588e-03 7.175117113010949781e-05
