3.436776277150951353e-01 9.299356953535051762e-01 5.054123021974150642e-01 -1.491631102454004987e+00 9.145330020473640964e-01 3.934852733928337898e-01 -5.413667415178294862e-01 2.083568849547262902e-01
-4.645036560471719200e-01 -8.428040615741088093e-01 4.412601833515143457e-01 1.227047088350372794e+00 6.429263214752224398e-01 4.751734138287458387e-01 -9.259150693666988730e-01 4.077192595173516065e-01
-9.830773655180733428e-01 4.455455434317284746e-01 7.707903611257360676e-01 5.720598583530400738e-01 3.264714667341570009e-01 -8.387779581971972764e-02 -1.995077263582582194e+00 9.298099608758616519e-01
-6.728363039085500930e-01 -1.213210820041130011e+00 1.435004036386461068e-01 -5.729660861940363281e-01 5.663937375708943955e-01 -6.079166993857648693e-01 -1.770985564713645766e-01 6.605131593832863635e-01
-2.779005919865615848e-01 1.026695658731870686e-01 4.438067095978779908e-01 3.304702142357476835e-01 -6.454946714233333882e-01 1.565785015302293415e-01 3.682420406989192485e-01 -1.772019396149737691e+00
-1.484190548575038182e+00 4.340247972675368437e-01 -2.747770074611912694e+00 -1.147323809799538630e+00 -7.036111949910046626e-01 -1.334747314260746887e+00 8.703017822411418525e-01 -1.102352141408396990e+00
1.572489421798750342e-01 1.440137339867786637e-01 -3.589481461378249971e-01 1.001987282288164138e+00 -8.839609330645638030e-01 1.102126789377609439e+00 -1.126073370355563652e+00 -4.828271909098124648e-01
8.679707276323318788e-02 1.318814499155784636e+00 8.623549878951722869e-01 3.269742895804062521e-01 6.616771533017122564e-02 4.507075398971046587e-01 2.948237906399609476e-01 -1.517029872206920871e+00
-1.395593398320849055e+00 3.093293444461239217e-01 5.138434765964252637e-01 7.210683693966093433e-01 1.521692755642370054e+00 -1.055978941503183277e+00 -3.820562975033929276e-01 3.650130201664821272e-01
4.029915945729327653e-01 3.309502204772832856e-01 7.651540203925992767e-01 -9.572138425320568800e-01 -3.627876237587865926e-01 -6.297337855607343382e-01 3.607036134384302567e-02 -2.005643476928773428e+00
