9.346752924987029865e-02 -2.755536948459123003e-01 4.371400015481620716e-01 6.509300809166609358e-01 1.017352012002901596e+00 -9.039189915651915097e-01 -2.713668882725756015e-01 2.501240855495744375e-01
-1.769695035712574860e-01 -7.067549905154516532e-01 -7.858867400857276753e-01 5.114020477811733745e-01 -1.051736074405551502e+00 2.805912849683027122e-01 -2.510006288150918863e+00 -3.556367722302589129e-02
1.599488748423819606e-01 -3.900720753208807012e-02 -7.377898571139247796e-02 4.362986715925893377e-01 -1.976699163032060280e+00 2.992968478705273494e+00 2.123057468921520086e-01 -1.825474339699582060e-01
6.358548396267292846e-01 5.154268048701370342e-01 -1.052490390085411009e+00 -1.695054197856970646e+00 -4.861763164404230286e-01 -1.690844541862208950e-01 -1.038434768968046207e+00 -5.331218899098150166e-01
9.203437394070081989e-01 -8.290096472755131840e-01 -4.593144823890135120e-01 -4.657749955552031307e-01 -6.068797255780100652e-01 7.149349131792616108e-01 -9.053700119276092417e-01 4.277913921929315522e-01
5.599288005659933676e-01 -1.023461241095635077e-01 8.726853181710471086e-01 1.033810293248742962e+00 -1.340911830819972173e-01 1.776366226350611477e+00 7.234381125788983402e-01 1.043472214660013275e+00
-1.593567413479195061e+00 9.862814703764555269e-02 -9.917261904840247722e-01 -2.344268151659986810e+00 1.229023520973461681e+00 4.147899716249627833e-01 -6.056189324821970033e-01 6.455307319505316777e-01
-1.588179639141163932e-02 -1.118254103683019030e-01 -1.328328166970965007e+00 -2.126586580935579118e-01 7.857186016274564366e-01 -1.011796884349808884e-01 2.623986038121902897e+00 6.518206625343456739e-01
7.735949325086277639e-01 6.143642586161458530e-01 -2.035178515841876923e+00 -1.214819043446115215e-01 -6.552228393049259747e-01 -3.036033418429302522e-01 -3.272557627428802074e-01 4.233674485251338604e-01
9.665823206581538596e-01 -1.368808187321216840e-01 -6.399905180080616152e-01 -5.276893235012529715e-01 -2.546155412044457389e-01 -1.407397646402100744e+00 1.252548175373965567e+00 -1.939152246456476769e+00
