8.049663663032950722e-02 5.962274571391674993e-02 1.045690120350956986e+00 8.015836374743320891e-02 2.883677815598862382e-01 3.775428717716170501e-01 4.565111709936377216e-02 5.956732837992262386e-01 2.584793095302160726e+00 2.282613475738788367e-01
1.664629546922279102e-01 1.232910823978342341e-01 1.035264252609247038e+00 6.526673468581875581e-02 1.261792382212735819e-01 6.881705814617979922e-01 1.825667115308456379e-01 4.164960766815429816e-01 2.893547804526708789e-01 1.477768087360759042e-01
1.562229124342407460e-01 2.418600358323047816e-01 2.607718400563798777e-01 5.988948807116152573e-02 2.533182917133787182e-01 4.780337335338429305e-01 4.333049413209749678e-02 3.057263249594337484e-01 1.904458705570623023e+00 1.120829892094170610e-01
8.725941247011477497e-02 1.208144755664799924e-01 8.101386009487200335e-01 2.222491409737046841e-01 6.488461666510100812e-02 1.165440194480124703e+00 1.543940373736736038e-01 7.560764655996595751e-01 6.477485609545426959e-01 1.821742995487374839e-01
6.621282972448444548e-02 2.676202486873323003e-02 8.741428393784866913e-01 6.198278347290323703e-02 2.993256494137233048e-01 2.234309242527901529e-01 2.545419819809163070e-02 2.020854359797379929e-01 1.721964417531746672e-01 4.818194925014379626e-02
2.044089823878804668e-01 3.193344930522211411e-02 3.778079702619722147e-01 1.426484370698388737e-01 2.877286891253138523e-01 7.097443892312275127e-01 2.904245168761299123e-02 1.577297529268329446e-01 1.545074296571205208e+00 5.384871896442079420e-01
6.204967555592415251e-02 1.541700182550627407e-01 2.480908697064713730e-01 8.168353577569234525e-02 3.335980074170042942e-01 1.312477753079881904e+00 5.501751045165213794e-02 4.882205347597837752e-01 1.217990904297419741e+00 1.579902116448571314e-01
9.005788958287037904e-02 1.912838822299531838e-01 1.999689009250585348e-01 1.173803607362575441e-01 3.901481490110983996e-01 1.048998076926456857e+00 4.576759994908438656e-02 2.541487721360826679e-01 7.736613582455111882e-01 2.540263856775063500e-01
2.976834561048184447e-01 1.362589513621449977e-01 2.531426611244281810e-01 8.232145975947112448e-02 3.425815267040264178e-01 9.395279370596240076e-01 1.993994064023923291e-02 7.977438926923279272e-01 5.598008652394060869e-01 1.160244717646751189e-01
1.891414059040892881e-01 1.876479611966588162e-02 3.657847721344302250e-01 1.007190171492220454e-01 5.200189383728093251e-01 4.250462466953018326e-01 1.805524714983239992e-02 4.646237538440963211e-01 4.776579621756279481e-01 1.713310761592877485e-01
2.290658973164253209e-01 2.058887598154017784e-01 1.841453816414147515e-01 7.760688631368102552e-02 4.154709402559636500e-02 6.268380207025636697e-01 2.433036091952362617e-02 5.921491590209705391e-01 1.839506829398587673e+00 5.238304665170158136e-01
9.038936019591957416e-02 5.117351221956147750e-02 2.749827964340648689e-01 2.320493683112529459e-01 5.280666106495372075e-02 1.809316029820231320e+00 4.867496957335116364e-02 5.704230428990950674e-01 2.218217169782507714e+00 1.035659765715689906e-01
1.954643774045814186e-01 1.323626017275902032e-02 1.000976132024244958e+00 3.668032938480760008e-02 2.284726525190473312e-01 2.406902013542776830e-01 2.220802056199520924e-02 1.910376721899046948e-01 1.035571149474231900e+00 5.935696682161892834e-01
1.443353073574080159e-01 1.904954415189456240e-01 3.490412943476887686e-01 5.658640025990767375e-02 2.169951292079627669e-01 1.589699319370702080e-01 2.410967945285779485e-02 3.029333517349343530e-01 4.147187021889095493e-01 6.767801179041029735e-01
1.522993876881648112e-01 6.689910092401669950e-02 1.020395815944651119e+00 3.788860000163177255e-02 4.610296841285049102e-02 1.299453114298180001e+00 2.708180021389065134e-02 6.471008530270585535e-01 5.486710136015086059e-01 2.854319495828425146e-01
5.940748316143549396e-02 1.389445307462940371e-01 1.292842000119643342e-01 2.222593975853481285e-01 7.100710321776479428e-02 2.191625789058824769e-01 8.944331561082938253e-02 2.433677997929279968e+00 1.068148691392299954e+00 5.880944729840646701e-02
1.055134546998082457e-01 4.107417038864916853e-02 8.657885532154836472e-01 7.397227490817234741e-02 3.347811413188506724e-01 1.821128747010934412e-01 3.909561757168431018e-02 2.559830020242114812e-01 2.375318078908119634e-01 5.995303347670926097e-01
1.519604558905689740e-01 5.774240713553487059e-02 1.054673845972582819e-01 1.149239092076476121e-01 4.205309416693257529e-01 2.381637549289297995e-01 5.447271573655234483e-02 6.531592711780722649e-01 1.360717209982450271e+00 5.856589074471588718e-01
3.583116070909349027e-01 2.096263140191558655e-02 9.671987790216445280e-01 1.581231184653233979e-01 1.215000538391008966e-01 1.280215376523348603e+00 5.492032281838545721e-02 4.581170033205708703e-01 3.808223134774745833e-01 2.597672756077583633e-01
7.902761285012600834e-02 1.425806463869168650e-01 1.216089230386190739e-01 1.451236365727735789e-01 1.112557782439047155e-01 2.190182480809183652e+00 8.050595174997710046e-02 3.113322761595173627e-01 2.805398559027888483e-01 7.340763697618102324e-02
1.959183246779816201e-01 1.913312892279274702e-01 3.897068059096762127e-01 4.836195900821465415e-02 5.274565271501912012e-01 6.433370337023747165e-01 3.395224028928792853e-02 1.031236423695806037e+00 4.348354690631311970e-01 3.223647204506566721e-01
1.072469651120750156e-01 4.360588091766361835e-02 7.987744794792093206e-01 1.938268861428599499e-01 6.574534035359462514e-02 6.763518740067192558e-01 3.770946103916873737e-02 1.363623907687861569e+00 2.207757574395756706e+00 3.751768882553446760e-01
5.143251181410544159e-01 4.372561115476679416e-02 2.681531020967775625e-01 3.994342140004031316e-02 4.635509642931378016e-01 3.987038094399316668e-01 2.635945896531995819e-02 1.099890264721608446e+00 5.219990857346434865e-01 7.124257981656995087e-02
5.336348289594428085e-02 7.002468903694805680e-02 1.811676742771708148e-01 2.597196550763192224e-01 2.455375163285950235e-01 3.922453440497808974e-01 5.093448274436982587e-02 1.473672352826806531e+00 1.077615861043833334e+00 7.422611899824120840e-01
2.159295906297255263e-01 8.817838222853953412e-02 1.650290990201226937e-01 1.737537259127184541e-01 7.775874755182825282e-02 1.508056100574792113e+00 1.136869965728611390e-02 2.127067436971833980e-01 4.677528671238271873e-01 3.885257492345009500e-01
1.824092660335918936e-01 6.729427791476831622e-02 1.916127227869993954e-01 7.325926533449297895e-02 4.120397682348947432e-01 5.448524559718613824e-01 3.754468381387458115e-02 1.428267775095731773e+00 1.671106407474215683e+00 1.287640834586310512e-01
4.546801667964738281e-01 1.362072539974782115e-01 2.998274243984521137e-01 7.236478244287228301e-02 6.680416103973421671e-02 2.675122462396101186e-01 1.260635472001008818e-02 2.633367655455861822e+00 3.503764045432752328e-01 1.941648479395025606e-01
3.392648405524935074e-01 1.092093611005477277e-01 2.123964859375323810e-01 5.224332284929503883e-02 1.001177060315116829e-01 2.406070421673793258e-01 3.746635301428397763e-02 4.099293428639897430e-01 1.511643248103254233e+00 5.556524755872690458e-01
3.119537223235825385e-01 6.251096722787694016e-02 4.194236960360385735e-01 6.549493633159049477e-02 9.899662611445239624e-02 2.293405152944296144e-01 2.559474034458524699e-02 4.696171806514036762e-01 3.539073082523729763e+00 1.536167333638438492e-01
1.740866905785374841e-01 1.077600959785638690e-01 2.497856925279116069e-01 2.374802200180551881e-01 3.586862647140007243e-01 2.940985846344303378e-01 2.472115023748639590e-02 3.168997523146068751e-01 4.781222607382359935e-01 5.640844575087941015e-01
2.595677206445324847e-01 8.867139204663511409e-02 1.402998702350163607e-01 4.397710027569525643e-02 6.809936289619708538e-02 2.702367932530699290e-01 2.085413261862111844e-01 2.500259143860502076e-01 1.021665210606358398e+00 5.451480337076313187e-01
1.979467401566845086e-01 2.484172390354997817e-01 8.118547114897527450e-01 7.463228840342239767e-02 1.602515004820930511e-01 1.943819263871195413e-01 4.045075251279357798e-02 2.859656592471795933e-01 2.346476069773263617e+00 9.996838235158324315e-02
2.579987964064685002e-01 7.895996556527265509e-02 4.487026311613604435e-01 5.627795886544655068e-02 1.374000609286372410e-01 3.319889494987172118e-01 4.348745769875392991e-02 9.735065767224536648e-01 3.374636458423945218e+00 5.438276658293420690e-02
3.242190921573197548e-01 3.212325992340415992e-02 4.915350038249381437e-01 7.002270961305814834e-02 1.484536938340374479e-01 1.935447896310343197e+00 3.272961097224893340e-02 4.787101960670245293e-01 3.992572739774463142e-01 1.265646852891988972e-01
1.647681683510929529e-01 4.810100511519796451e-02 4.342982773586062106e-01 2.799593979567586155e-01 2.311933523203873464e-01 1.425691982263055380e-01 4.799891580845616623e-02 2.354421497641971395e-01 1.309430613149490386e-01 2.236288013727805168e-01
6.170421374142989052e-02 2.308158162108923592e-02 2.580234708117118969e-01 6.779605648109386651e-02 1.628946197309515953e-01 1.285334842177635162e+00 8.533761460199792981e-02 1.019213424827745573e+00 5.315791247266025144e-01 4.868195820394576323e-01
5.601128824260731554e-01 4.338799586077781573e-02 7.299443422773974066e-02 1.585512749122208465e-01 5.208848598360463905e-02 4.058992988319308770e-01 1.421654127679513879e-01 2.099344139050456803e+00 3.241856743384537998e-01 9.746420770686070600e-02
6.775007692257820069e-02 5.486390061874559659e-02 1.032236028446522347e-01 3.137276062857006220e-01 4.663940309044623672e-02 1.667942304886992078e-01 9.008464409791472338e-03 1.352930707341763350e+00 2.925251756106189038e+00 6.036593678007192709e-01
1.810142468532076332e-01 5.511583835276564342e-02 4.964061440941680559e-01 7.467395602061789595e-02 1.037306038666076652e-01 1.140705159251754308e+00 4.301511341267487409e-02 2.039091675471325971e+00 9.084727066927020811e-01 5.077387320101506285e-01
1.392455386186980948e-01 2.080417216409091719e-02 1.630676707870377884e+00 7.192779347106068033e-02 2.020187518099342550e-01 5.927673395232864184e-01 4.193241509002232359e-02 1.542705024764648769e+00 1.128680844412021544e+00 8.059792074928438799e-02
1.932798036599952252e-01 2.084880179958334412e-01 5.435938419455353665e-02 1.193723802363647196e-01 9.695199101852851331e-02 9.261679785788498043e-01 6.497921564961173235e-02 1.341469492880652314e+00 1.297858407515467993e+00 8.358146975160812842e-02
2.349705651163374043e-01 1.902805666124912920e-01 1.985533239187876331e-01 5.441292905954596415e-02 9.788938761054045978e-02 1.063357515815846144e+00 3.847955245288837284e-02 2.459521691355774919e+00 1.043135641437795469e+00 1.684396422940058202e-01
1.675413286272583457e-01 4.308375883888014568e-02 1.637912237956272721e-01 5.606827901117657220e-02 1.097823402033450968e-01 5.097175021112064774e-01 2.129449593228071314e-01 1.106438577808490198e+00 1.898618007398399921e-01 4.390762734570333170e-01
5.145818053036962242e-02 9.564040721392427780e-02 1.666168540076066851e+00 1.262481032031333439e-01 7.328668893302707488e-02 2.331716781815441342e-01 2.914349226288853734e-02 1.424618223999266187e+00 7.215772183787801941e-01 1.712194020005807227e-01
8.947388436300009185e-02 1.047557924896278109e-01 3.620494993558937002e-01 1.700230210282278887e-01 6.673904068151551017e-02 1.469158357661601855e-01 2.464169811746506900e-01 8.886248543032850833e-01 5.733838090693061940e-01 5.436702319336259581e-01
1.394311340641834485e-01 1.903766920755361677e-02 3.082522528868988365e-01 1.713564344333825540e-01 3.744907522556460977e-01 1.952061437105065411e-01 1.273477590227494738e-01 2.867015097457293327e-01 1.160257126616599521e+00 1.332261891581449087e-01
5.887622798580562922e-01 4.609251742294755150e-02 8.034877602834900046e-01 7.068423676749385764e-02 2.822277909441515131e-01 4.244747664987612024e-01 3.554241538717204524e-02 3.853441965532090063e-01 3.999213073826609621e-01 2.520654543373389567e-01
1.662862465311780724e-01 4.779996379253647482e-02 2.608582877188649340e-01 1.035239222883167221e-01 1.594039661894757209e-01 3.339101601526455187e-01 1.242659642791251740e-01 6.522855704097432206e-01 1.075042986893871566e+00 1.204094664084426058e-01
2.184110784455648435e-01 1.186928709067512078e-01 1.164502586596399547e-01 2.400926764214280362e-01 7.364391690952529212e-02 3.388438904844597310e-01 8.588621136007136558e-02 2.148142096692879088e-01 1.715289609072765398e+00 2.644706594192635096e-01
9.834345437946968860e-02 1.847579313104278503e-02 2.137039679218992183e-01 2.939451211290191115e-02 6.874901414589737469e-02 1.241560949951759252e+00 1.514904592664441108e-01 4.185696060412875674e-01 9.540433913634231988e-01 5.327160648169381174e-01
1.163556689295110330e-01 2.544827551954106926e-02 6.551812375461197879e-01 2.070133052104539823e-02 1.171305105910629835e-01 3.064977956387541225e-01 2.062401658666227211e-01 1.492185359639035980e+00 2.096739581842353317e+00 6.591771083659675456e-02
6.833395252213994575e-02 3.746555898503964310e-02 3.987337589628025536e-01 1.449409526382929025e-01 5.522653887479295198e-02 1.598980153504608204e+00 4.897817337681391325e-02 1.209726382963704605e+00 4.385565001261745310e-01 6.271903291232506783e-01
3.631925661113021286e-01 1.075926339686555516e-01 4.899272635059371273e-01 6.577949433417761005e-02 2.447749660060309362e-01 5.825491808854336151e-01 1.854432928738227598e-02 2.164698936737253110e+00 4.485134933558638792e-01 6.178064280542946290e-02
2.192847705163908922e-01 6.490265323856868329e-02 3.160631836005689532e-01 4.210955719241426531e-01 2.164853153786072681e-01 9.867369487586936661e-01 5.792689034949316529e-02 6.812517313512589379e-01 5.776436050103124220e-01 2.584279355424994873e-01
5.900082779360500407e-01 1.253299260436461504e-01 3.140069311393166585e-01 6.366238020291722921e-02 7.655459668793869465e-02 2.026225857877692604e-01 3.955624814868881345e-02 7.666507001357132367e-01 1.716772325877271799e+00 3.054423059689227449e-01
3.567152602480486712e-01 6.192075796402535248e-02 5.201632203722081904e-01 5.507082176121404909e-02 1.851142182924389312e-01 5.697691689892093736e-01 3.662366986934333102e-02 2.079831417977157759e+00 1.301728935704938861e+00 1.017546215054924846e-01
1.129243540367879106e-01 6.809954959055034007e-02 1.146433506817559483e-01 2.151517846979520560e-02 4.265106227894822633e-01 1.595782537862526995e+00 5.754230678116476622e-02 2.144753134165862996e+00 4.355923348243094795e-01 9.655242263784606649e-02
1.239984461019536799e-01 5.008562184932796590e-02 3.660718550496550039e-01 7.390749738032834082e-02 1.883708486967082263e-01 1.657303635954471277e+00 5.957430563092051823e-02 4.388967601210710390e-01 4.133269870840986515e-01 3.918944777527585410e-01
4.227193141324540188e-02 8.196793149947756429e-02 1.811319477484394924e-01 2.773256598862561262e-01 4.782704740447180081e-01 7.418980363087914753e-01 1.614921013421106999e-02 3.933235534448014104e-01 7.366821425972684967e-01 7.113386781233452250e-02
2.371207142993116135e-01 2.436881788930490150e-02 2.036617145154904218e-01 9.683477191870434875e-02 6.259026278777012064e-02 1.484550059873385397e+00 6.695555617044021690e-02 8.229255794776154653e-01 2.142067602673558113e+00 3.972623426602847063e-01
1.094903856459101821e-01 2.134197190455370541e-01 2.888538994757707812e-01 5.528123590865204051e-02 2.715099068799616822e-01 6.390173949945630039e-01 1.869824130743378832e-01 4.828656733869877149e-01 6.440078893779577207e-01 8.871320995804105047e-02
2.303783765024374208e-01 2.194375143869640304e-02 2.340889977697910851e-01 1.463053092750198070e-01 3.654947657366220404e-01 1.021200868507882442e-01 3.861852989882434001e-02 5.907067889629626922e-01 3.760305380214283844e-01 6.972198299785040687e-01
8.879928384486840409e-02 1.630166917382044334e-01 1.984812139326401215e-01 4.004513484604315526e-02 1.125336459464679473e-01 5.174250710262022768e-01 1.449422374534125625e-02 6.658708823516976683e-01 7.674345142297364086e-01 7.591559139059411709e-01
1.150568851350866756e-01 1.622150920711652039e-02 9.160400790864338116e-01 5.928645363728450579e-02 4.725842837556756826e-02 9.986088998597375532e-01 2.859974601350722540e-02 1.439710262459556578e+00 8.788749573891777578e-01 6.011959920162486259e-01
3.713724709861987439e-01 6.344643004279179599e-02 6.679091666458128462e-02 8.870340803073915870e-02 6.325237608825198810e-02 6.628323443634221990e-01 6.757487254959175516e-02 3.397310568810691045e+00 2.771140330231775528e-01 3.786732168163592371e-01
2.319902354686879664e-01 9.406628954428640499e-02 3.426232047381170820e-01 2.850181652405938543e-02 5.166596722237722095e-02 9.090423542937033918e-01 1.111063377573792352e-02 4.085612047033381766e-01 3.822143620116282281e-01 8.521698856907207187e-01
3.557376580233801433e-01 8.189121953682523825e-02 2.934485679848753970e-01 9.652343523733629416e-02 5.029830162906643448e-02 9.327501635452122297e-01 5.346698344787546853e-02 1.389886979202998196e+00 8.703175274300246622e-01 3.876866744932673248e-01
9.662038460890848279e-02 5.991273150402413872e-02 1.137743490957878301e+00 5.796786195602780106e-02 2.844693584475345149e-01 1.510802788134819052e-01 3.506742382913849432e-02 1.715947752307617646e+00 2.349545499678940885e+00 1.692062194949180975e-01
4.612996595924549748e-02 7.287682039693123281e-02 6.516958488166888497e-01 1.822009628014391591e-01 6.492245835341221849e-02 9.250590925803763298e-01 1.496772161556717863e-02 1.858416056670178618e+00 2.828588734511445213e-01 6.545263891583467109e-01
1.857630020199863286e-01 5.913436190786040825e-02 1.015161562484228064e-01 1.259752875826630758e-01 7.084411726671585585e-02 8.990015471300877303e-01 3.426777607659554914e-02 3.354478868936761504e+00 2.439257476130499147e-01 5.541990478746352533e-01
8.078266422431666649e-02 8.872283584289322733e-02 5.604868459461085362e-01 1.945230595936064677e-01 2.119389859430428069e-01 5.622509111730792375e-01 3.155191554458884606e-02 1.488172362718009456e+00 1.068021498045670592e+00 6.625356096765523395e-01
2.786499728847910973e-01 6.463488994224056428e-02 8.657944618678869997e-02 1.292407324432486848e-01 8.149539712294037730e-02 3.633602612907890772e-01 1.208139029926320329e-01 1.365375411613303891e+00 1.886410404085160808e+00 2.649000894039964527e-01
6.245414442245731390e-01 1.520229721437558190e-01 2.834299619729343522e-01 1.288117887231790826e-01 9.975850066776512093e-02 3.720038008672652552e-01 2.287561536324149436e-02 2.661906775309675344e-01 8.100642699995408424e-01 1.638587446073851150e-01
1.597892152528283261e-01 6.053611216777313869e-02 1.774705067841996664e+00 1.351152189419476124e-01 1.253201778456668192e-01 8.367961439645854593e-01 4.353907420803889566e-02 8.336511834393386389e-01 5.274139755893603176e-01 3.058112966818157807e-01
6.787813194425537655e-02 8.950248781003269927e-02 9.131656133831305144e-01 1.161929155379840262e-01 9.694477634666553989e-02 1.265719073849906007e+00 3.503625468551244820e-02 2.726107775739524453e+00 6.946482168038856653e-01 1.983933381858232203e-01
2.742373219705179221e-01 4.584682080613998456e-02 4.325256727896797382e-01 1.632433145093481197e-01 6.917907505090464815e-02 3.854625089325979803e-01 4.918824312081465644e-02 4.163202065300013466e+00 3.311424556944563280e-01 2.578924422078437972e-01
3.661987421022822597e-01 2.905966942255860247e-02 9.507121480326657936e-01 2.546221124889956888e-01 2.621480356307790971e-01 2.210578004863180956e-01 1.752927549121434045e-02 1.226643098409143429e+00 8.051485973459040490e-01 1.228762328791721120e-01
5.263365841152213287e-01 2.497563896433205310e-02 3.262129732405099625e-01 2.291465753335976754e-02 1.050735224895317926e-01 5.234350323843652841e-01 3.392289843144540712e-02 1.757152926951520699e-01 2.492844270183177890e+00 7.456062666515406168e-02
1.928566523845976488e-01 2.238397076731791710e-02 1.826924420775763114e+00 3.093186088189792821e-02 2.177558785800507712e-01 2.846285406364940096e-01 2.502869482824755451e-02 7.569301522827884821e-01 7.132059038753186808e-01 1.090090002997000235e-01
1.020868867071637320e-01 4.690506902177361825e-02 6.543910706660744925e-01 3.577776089609291388e-01 6.998499549259466768e-02 8.244531804873742598e-01 3.343687838599256057e-02 3.045810849807286114e-01 5.866625144257470170e-01 5.235156996460171852e-01
1.302123742893323555e-01 2.062150911122650199e-01 2.064653307419017647e-01 1.098392798459985747e-01 7.585081900201355587e-02 1.378087600108196531e+00 1.943200309344039409e-02 4.717890432430865144e-01 3.651488984744053479e-01 4.214678793529054168e-01
1.652759670236207123e-01 1.708146287174362038e-02 1.207136557271061283e+00 6.417403410611796644e-02 1.185765395315631354e-01 1.427437591382993309e+00 1.795589947198191969e-02 1.973882451386879122e-01 6.679078481574353132e-01 2.330411142809065694e-01
6.589816335730195318e-01 2.347218913650471472e-02 1.345495347653445362e-01 1.301349231775996151e-01 2.131575328373524203e-01 6.052918288559439031e-01 2.396706729366081604e-02 1.755049170620309296e+00 4.499614096672823749e-01 1.030130207388244568e-01
2.863277817072341636e-01 1.666448960453530484e-02 4.200379688849780746e-01 1.693096188530207324e-01 2.229621592073650349e-01 3.280601468625153339e-01 2.623124484024684164e-02 1.148583761170260287e+00 2.628418624759203848e+00 2.131582642310641817e-01
9.993728135272464397e-02 4.671584773779095812e-02 5.379637760334351482e-01 4.119966484861094236e-02 4.264885073951414363e-01 5.255875641469193171e-01 2.071556372762784273e-02 1.050038944020883491e+00 1.829635445439053765e+00 1.398859078971665393e-01
4.150709673943026590e-01 3.196390700787051647e-02 8.226849110289775613e-01 2.062002221343737784e-01 6.349819100976492048e-02 5.733906293077194460e-01 3.127367999767866752e-02 2.428550161064831237e+00 4.149396095714162902e-01 3.394923795361076690e-01
1.260120474475288355e-01 1.191207064192157106e-01 1.162269728560139326e+00 1.250211584709508272e-01 1.786947611858271112e-01 3.798405616921052830e-01 4.763856050173020246e-02 3.567520587425874190e-01 5.275710165725546741e-01 4.052335898142696291e-02
1.016990655038729069e-01 5.763935628052527932e-02 2.998012562667258796e-01 1.635007852473739920e-01 1.697345128218635535e-01 1.499084975646806317e+00 6.927221411704992393e-02 4.001783957015305759e-01 1.537544439559634268e+00 7.904403305889640130e-02
1.674789388838317794e-01 3.438413328590801676e-02 6.988444171542624872e-01 3.421965011259479883e-02 6.110422228803245176e-02 8.385594116965965350e-01 3.993976320839324329e-02 2.386132808065618283e-01 2.867010951411986808e-01 8.009209267836265855e-01
1.521034863652045432e-01 5.085836140127023702e-02 1.481956511099376872e+00 5.457651227494634411e-02 3.199928799444364674e-02 5.642198720456098604e-01 2.728021803033529175e-02 1.558244177860743207e+00 2.280480662098378186e+00 1.149817165400369989e-01
1.726089786390516134e-01 1.334016048097506901e-01 1.173031752218735707e-01 1.014217655589546851e-01 7.095406001864393297e-02 1.044883917978943977e+00 7.826518498582604733e-02 6.950606989510228484e-01 2.077609058948531207e+00 1.287674261645881946e-01
9.405271657264946406e-02 8.648744208023281810e-02 4.069974549710413392e-01 3.035093371505673820e-01 2.827658161977430473e-01 3.223468835880626826e-01 1.170368312210336575e-01 2.326554204737531606e+00 7.026364486301048817e-01 1.386252256654420811e-01
9.849776664617151956e-02 4.169488808339429087e-02 5.451065655413595001e-01 1.562379151348037565e-01 5.598387789795542524e-01 5.402229256149779779e-01 2.375640154212079608e-02 1.472277774415093443e+00 9.751075729723680530e-01 1.232935749451108398e-01
9.633514559983233361e-02 3.737061472673373907e-02 1.731933164247430601e-01 8.165489407276038669e-02 1.574854973753769261e-01 1.874766884272939915e+00 1.905371528942221421e-02 6.367270197756516037e-01 2.431433412699201213e+00 1.990865635619243346e-01
9.110881617434238300e-02 6.883780026071853464e-02 1.153774732209474213e-01 2.640198929696615515e-01 9.521390873116550302e-02 1.339513141310831656e+00 1.112976664515732128e-01 2.825073569937681106e-01 2.201758973006849196e+00 8.937378366279202790e-02
7.463971501681659904e-02 5.283622792101827503e-02 1.541842887264259776e+00 1.263599514275060842e-01 1.027093127590157362e-01 4.526245024480665680e-01 3.853581752877189431e-02 1.472976200266202795e+00 8.713927426909353624e-01 1.441483512660796940e-01
1.562805088354066452e-01 3.606399810508154058e-02 1.378983166190676235e-01 6.366751659559619081e-02 1.425489750393944544e-01 3.530917632457647448e-01 1.964487655718840931e-01 3.049829287791264054e+00 6.027616788756311461e-01 3.396547502095424997e-01
8.782032893413635466e-02 3.911630245011947504e-02 2.759878553624578457e-01 3.320070228506494248e-01 2.877389474923434109e-01 2.239963101310410987e-01 3.016049809283236072e-02 1.642953121132681438e-01 3.100277108671010695e-01 3.361837070076906797e-01
2.691410749168300920e-01 4.283814282395535800e-02 2.835356227560426601e-01 9.637398534746551004e-02 1.787100015167581712e-01 3.298636806285571987e-01 2.324483566449552785e-01 5.701447064528856190e-01 9.714041285425040195e-01 3.298666861075781331e-01
6.625442375725747179e-02 4.602396994232140631e-02 4.187064761129851709e-01 3.660191578994404643e-02 5.110205811601721271e-01 1.393471060879757584e+00 3.753824578553770219e-02 8.306839675350167207e-01 9.190123002745897995e-01 1.359464071733010315e-01
6.162755233342494254e-02 5.889432124064762630e-02 1.561628752245575735e-01 3.020358410431740470e-01 9.366536611262857304e-02 5.982032870861161422e-01 2.200558555487880097e-01 2.497282917855371820e-01 2.240371108540960776e+00 2.435391547858846706e-01
1.943205483448797177e-01 6.206112241115270545e-02 2.573540088128370984e-01 1.857210487698264523e-01 7.886964802707588373e-02 1.602414295955140178e+00 2.886222612819640959e-02 7.134864772117778253e-01 1.772707155591048522e+00 4.326674693834480223e-01
9.127466368352409043e-02 4.574952789691152932e-02 4.635037307825819464e-01 1.330342926934308632e-02 9.563320448533096929e-02 8.461911174799714441e-01 5.440304975906377905e-02 2.736329366786474648e-01 4.039544191169998077e-01 6.702952813194821280e-01
2.939924612737999654e-01 2.987132184236290788e-02 7.589511365407630716e-01 5.026546370407926345e-02 2.956512897549097296e-01 5.410651038883768082e-01 1.816508110914220181e-02 2.489494706661305179e-01 6.201117763690435769e-01 2.619639252928551709e-01
2.268444669083438670e-01 3.408316643140497926e-02 1.924577817684081371e-01 5.526349557374341664e-02 5.986661857791111263e-01 8.132579271217948991e-01 5.704256735330093253e-02 1.178101595609773344e+00 7.785352759736398065e-01 1.241397941566097646e-01
3.889714757667477318e-01 4.722661589908055263e-02 1.836637428500768610e-01 7.093988752592927938e-02 1.155737338427416799e-01 7.281911314649162081e-01 1.221922158358596661e-01 5.946389236324418626e-01 1.800682838562446708e+00 1.551316023206525396e-01
2.120501667413076385e-01 2.591095815713671119e-02 8.351998036386506508e-01 1.894137822611569044e-01 7.890567316435224965e-02 1.063532182500137591e+00 4.926415532199537178e-02 5.509997749670477729e-01 1.024665396504857995e+00 2.126687104818529295e-01
2.626911463972546601e-01 3.486726714772020452e-02 2.158471261106639782e-01 2.766936294945674529e-02 3.689211161514732717e-01 1.240988166204063381e+00 2.481666007994604017e-02 1.150279895579651157e+00 8.487895676657313260e-01 6.230599831469840755e-02
5.362067782281003669e-01 7.379148828398594817e-02 9.958296103701590185e-02 2.666723099181780299e-01 1.842214729117153671e-01 7.547288022896235793e-01 2.395346315994444780e-02 1.833815493243329486e+00 6.962616843547161372e-01 1.495277470684058529e-01
4.835315511594319160e-01 8.736445809466057699e-02 1.711618497609889988e-01 6.044808377393936366e-02 3.754152319332552667e-01 1.481473566404176434e-01 2.666463141240287688e-02 2.437120485116779367e-01 1.636207699292208329e+00 7.170212304662289260e-02
1.420820903560955639e-01 3.019199243527564969e-02 1.745530995178398159e-01 2.005723351802087273e-01 2.434649618997982434e-01 1.154771822532860259e+00 9.718565021726943698e-02 1.932761427391653797e+00 2.705506280304835198e-01 2.618623432822567709e-01
3.271271033989840427e-01 6.601932070650726181e-02 1.055872884867533168e+00 7.409413917566196051e-02 1.866991969116495176e-01 2.167861888170247442e-01 2.478666141688736987e-02 3.074859952557572385e+00 3.193501673696216292e-01 1.777788345627148436e-01
1.047549023134866780e-01 5.684714199409916791e-02 9.009855199090361921e-01 1.455057098305144736e-01 3.281438817246762341e-01 2.277611210437902600e-01 1.223046253260854158e-02 3.669573073773711336e+00 5.420460176587991175e-01 8.967083807415882069e-02
6.074368071526324575e-02 5.987710656901570200e-02 1.400664536052493581e-01 1.441323902228183740e-01 2.488422365551987703e-01 2.475025408073526223e-01 1.313964379399064908e-01 3.308874144244148052e+00 1.725954495399343758e+00 9.618030682136734233e-02
9.818949311351957143e-02 6.773842762370331505e-02 4.489873010801361808e-01 3.042673161753086664e-01 5.950250520705296919e-02 1.812868840316933738e+00 1.681302362138097084e-01 5.013517580396203988e-01 6.211547392374943133e-01 1.122600239892722201e-01
8.638957272921320152e-02 9.552267995175889315e-02 2.482877041252574968e-01 2.277334149957002674e-01 1.718759307381947654e-01 4.811900191555988360e-01 1.470540030858670522e-01 2.155116770158206130e+00 1.871964708421204104e+00 1.082434718352713043e-01
1.518423196752712312e-01 3.491448982378306948e-02 6.471235116215928729e-01 1.583709220618269298e-01 7.878574070016812481e-02 7.669737582659659214e-01 1.086799760311440710e-01 1.755815201886215648e+00 1.021336605615221327e+00 9.792807584626136985e-02
1.185200435545495229e-01 2.178668034228258693e-02 9.397433392477354541e-01 5.620319257562831489e-02 9.106929157275731046e-02 7.963805596837778555e-01 6.446951890233534876e-02 3.114490402690305970e+00 7.601999402465934308e-01 1.179104051310716911e-01
1.316934427580750966e-01 4.287125548739854908e-02 1.254484163637334282e+00 4.960907514219021347e-02 5.666203076660243643e-02 1.046104363247613467e+00 4.234844519618106290e-02 1.101547279963759340e+00 1.416291341078360855e+00 1.589306824756580860e-01
1.533359604559174638e-01 3.776924601034285789e-02 1.377942769623803909e-01 7.449721107047999058e-02 2.117822164404913887e-01 1.824647926276760090e-01 4.067587448054452159e-02 1.431188945131403933e+00 3.225914686906741657e+00 3.026695103287165844e-01
1.839573504676762228e-01 2.717490485792907751e-01 6.044429473914411099e-01 1.271905243684243181e-01 4.921690595708288346e-02 2.331505859937453295e-01 2.378959752932216509e-02 4.307379369133093050e-01 5.577768345018547791e-01 7.102740165676747486e-01
1.649224658524638953e-01 6.750032597290904490e-02 9.500162678786880921e-01 1.221267084137151737e-01 3.426121704239321608e-01 7.794350685947595281e-01 9.705322915000147432e-02 4.388779452694057115e-01 4.425689557896519410e-01 2.199964949376701229e-01
1.103159497550023349e-01 8.201777425595971338e-02 1.037601699625642748e+00 2.566730180471462064e-01 7.520498886934864902e-02 7.801042023213181631e-01 1.617578256434245784e-02 8.194103933550543895e-01 5.199211013886063659e-01 3.842272220770081015e-01
4.174289827293867217e-02 5.003690010216883810e-02 4.762881342136028873e-01 1.575584512436087048e-01 1.284714878483813882e-01 7.286309411669089631e-01 7.490005287780353294e-02 1.002284720913989791e+00 8.539676696999665140e-01 8.347258810039234200e-01
2.330697936738201914e-01 4.914891180561979656e-02 9.135029030866101962e-01 6.407127900785132557e-02 1.002214774489647853e-01 1.569871904632130999e+00 4.312219311339295785e-02 1.981391851001000626e-01 2.181157993126177086e-01 2.741345390416786709e-01
2.865831567994692186e-01 3.202005676777148341e-02 9.227507233591444313e-01 7.379224916618068453e-02 4.360410901150343355e-01 1.542870265790645123e-01 2.150298021799838463e-02 1.709461262492377454e-01 1.005839061316523786e+00 8.849566585536566832e-02
1.637125644624817800e-01 4.264904901665138304e-02 1.214407169098129069e+00 1.007283175348792359e-01 2.354811893893428432e-01 1.957142324332341032e-01 1.893908928772921468e-02 6.583095837583914367e-01 2.039919670912495597e+00 1.115092904466274543e-01
5.037687209868335625e-02 9.354880159710113330e-02 4.153260820035885037e-01 9.309475696652996790e-02 4.217612115742523926e-01 1.120781606365728600e-01 1.789410722289092731e-02 6.277031793364861167e-01 4.592480105658612866e-01 8.983316175090443334e-01
5.723042029561770105e-01 3.581284115940196189e-02 8.196043177335956553e-01 2.956812254244853277e-02 2.115507513946831841e-01 5.561532029871995020e-01 2.344177375655518911e-02 5.624685970764063958e-01 5.615491799215844848e-01 1.098058908492461905e-01
5.162088140257463653e-01 3.207804815397420628e-02 4.967530584503266899e-01 3.317755071763898306e-02 7.454550270810661461e-02 3.659164278550254279e-01 2.439933272658624530e-02 1.954384164201031227e-01 1.587245255454420745e+00 3.186894712891688575e-01
4.904441584782571750e-01 8.082128604902451274e-02 1.868221121344826874e-01 1.021810714363072525e-01 3.557206957717500839e-01 2.506545456094314561e-01 7.060111408603311767e-02 7.960333699951943620e-01 7.282928379329121071e-01 2.629270819962440386e-01
5.159556433941345777e-01 1.319686291650473131e-01 1.396812589582039910e-01 1.181329378783780443e-01 3.033686070970249560e-01 3.209687118178309873e-01 3.675287928572425200e-02 3.364024521107344956e-01 1.200158766564380475e+00 1.125857104928523478e-01
2.181652649748047623e-01 1.401852286574287176e-01 1.687477656907741541e-01 7.478179502398289713e-02 1.226480767629263974e-01 5.142993796184476274e-01 6.043991496264627949e-02 1.967153827488979490e+00 8.691664489427344265e-01 4.199351067701201368e-01
4.605050081708830234e-01 3.086340946413102665e-02 2.508492841411548158e-01 2.285059386399649617e-01 4.670321488452767733e-01 1.525641703884868527e-01 2.010752858460305298e-02 2.501653452266311639e+00 1.220224818157296942e-01 1.226092543769748133e-01
5.928114788168097338e-01 5.072199317262278406e-02 2.608175640190695255e-01 4.989585418330709510e-02 8.457004902041322103e-02 2.520613572244781997e-01 8.424227745408788270e-02 1.886652094757518272e-01 2.294753016253159750e+00 8.851438783627921247e-02
3.169788104352427305e-01 1.605177850532367168e-01 2.523663090641094509e-01 1.055473099782256313e-01 7.408020765490078152e-02 2.202859729507812836e-01 1.301286325241603758e-01 2.907038013059172199e-01 2.122297541209958727e-01 4.095915000225612834e-01
7.734684389160306761e-02 1.208918779748644062e-01 2.343209393639493765e-01 2.735378837779623984e-01 2.785332020190569025e-01 3.514734927053553837e-01 1.411254384792346439e-01 3.312906176912192580e-01 2.189567613907962951e+00 1.412878369391113442e-01
6.937050182799144038e-02 2.753424443634656590e-02 1.550771973518095370e+00 9.613342450003961592e-02 1.460398199132015573e-01 2.211313470512011603e-01 3.988868942352726682e-02 1.607128410607446822e+00 2.045100876357917041e+00 9.462377865667596921e-02
3.430350562913374035e-01 8.800806411283808306e-02 1.528704935225028150e-01 1.298588118690871540e-01 1.736670699778293248e-01 4.822373101756858849e-01 2.816573016912849933e-02 3.055727045593412683e-01 3.510882315457908853e-01 7.297239581810207598e-01
5.663941257596984830e-02 1.219223177244594530e-01 1.134374079020290110e-01 1.221913260316817712e-01 1.333680228582777849e-01 1.698486013527203742e+00 2.403592845829163188e-02 3.496413574539760649e+00 5.627323299978276294e-01 1.124654379081152233e-01
2.929132923185405746e-01 8.995431274517227960e-02 1.402511923428144403e-01 6.092448848136270551e-02 2.419145048116902730e-01 1.189737515423657133e+00 1.335637652030441380e-01 1.554822774638472183e+00 4.032468578127497705e-01 1.078535515479500245e-01
1.062118642376678607e-01 8.014774728707643736e-02 8.986171561305979216e-02 4.712806905793653911e-02 5.152221525513347306e-02 1.383727619748271298e+00 2.879523619285833183e-02 3.976884605697898478e-01 1.012758869006385121e+00 8.428807438218127723e-01
1.187081662032684753e-01 2.357621201050440762e-01 5.313818565999760546e-01 4.283286439751656655e-02 1.145275038152868269e-01 3.112155988741071577e-01 2.610010145523672387e-02 4.191058791646488091e-01 2.962300776531925917e-01 7.867344603225430166e-01
4.914996980075601596e-01 1.482808633178478441e-02 4.498987116002662878e-01 5.618431204279985408e-02 1.379167925603708156e-01 3.951390069965118323e-01 7.124525083736769904e-02 2.911815187813214134e+00 5.416634691607743468e-01 2.173668483380425676e-01
3.386827382220517491e-01 4.337116969845434405e-02 5.950836725171351205e-01 6.560361504965037116e-02 7.856476870180163774e-02 5.273300393526015872e-01 4.465742839263716485e-02 3.369382506110477626e-01 1.990757058299885029e+00 4.816390448211150255e-01
3.557444313515990553e-01 8.640462219011192657e-02 1.150836384587906602e-01 9.855146328429088831e-02 1.777562714992147463e-01 2.427116943145004591e-01 6.440157252219304296e-02 1.539746502326672317e+00 1.163160703155011744e+00 6.296502560102852364e-01
2.310775062015997250e-01 6.259293149968400694e-02 4.193405252436496200e-01 1.140050074146654602e-01 2.179329100592038715e-01 1.751823913209609451e-01 1.393637272034738972e-01 3.319729165384686653e-01 1.967924218032897632e-01 6.496667868879573149e-01
1.735525761405377898e-01 1.852302927842962577e-01 7.042563429191733837e-01 3.777098044008596334e-02 1.018627787165775206e-01 1.057469482277234585e+00 2.674065053492864427e-02 2.066487674029031218e+00 3.003983251727045389e-01 1.398510514190778875e-01
1.341425465411567319e-01 7.820277462303923399e-02 2.262484967073633280e-01 4.123672731380929879e-02 5.259009116173248011e-02 9.303763846444657037e-01 2.295944769217881515e-02 7.428688994454505368e-01 1.662090961177049575e+00 1.028290105869512194e+00
5.543265955779429488e-01 4.655748508245859119e-02 7.741017298638168675e-01 1.152159246659361508e-01 1.615631269683785731e-01 1.529139829648393234e-01 1.058955485050410844e-01 3.465869908722031267e-01 3.222546263954567114e-01 6.651400212498341513e-02
1.180192342867657923e-01 1.022112569865864656e-01 4.926770325843137788e-01 2.476983269562552104e-01 8.930257487435602770e-02 6.621844545949320260e-01 4.781904879070873748e-02 6.278519904582247069e-01 9.210164022791609284e-01 8.148391139851591802e-01
4.578930674845155258e-01 6.495301079562025570e-02 1.372394060429698026e-01 1.638924378852460173e-01 5.455358949865104362e-02 1.152913154821726183e+00 4.201590148863735413e-02 1.382302516484940735e+00 6.697715584748389350e-01 6.987031452981679047e-02
3.399419705063071451e-01 6.867678602785760866e-02 2.677068518793682683e-01 1.888473491055864956e-02 2.446403631009330670e-01 1.206395323752160964e+00 1.648744050741706574e-02 1.002145688160450243e+00 1.516862386534517437e+00 7.056411665813047684e-02
1.823472714800775940e-01 6.495307338651992723e-02 5.987829576824191813e-01 3.619585901425235730e-01 1.530737280471725081e-01 1.995599893985849360e-01 1.353300342775696774e-01 1.199027677792202651e+00 6.879237226297132413e-01 9.356755490334134340e-02
1.377320866125759935e-01 3.150012346438952476e-02 6.493076496560556965e-01 4.819274274333689156e-01 1.035082543187811205e-01 3.489220812771395286e-01 1.077481522012853528e-02 9.859683648143023893e-01 2.280806119623198236e-01 5.158024978204619332e-02
1.299159895930454556e-01 6.663796809419864076e-02 2.126356374027509877e-01 1.018889749518192833e-01 1.709799056810609452e-01 1.440887713926942926e+00 3.656772003889707107e-02 4.598191938270071444e-01 1.988318047286688595e+00 2.895837339290602275e-01
3.729754109433573994e-01 3.677057383765068577e-02 7.103790072620406182e-01 2.417402565911674905e-01 1.459656021310751783e-01 1.071130500365112398e-01 5.446703325237040039e-02 7.567689585659350682e-01 7.282791971358862915e-01 5.257149771959394036e-01
8.639747763170306516e-02 9.490690415886288145e-02 1.003082062375283634e+00 2.916598438004514710e-02 3.092314916643295608e-01 5.416929366418772318e-01 2.485107476727738823e-02 7.060132718453496770e-01 1.751576649699286836e+00 1.314779191670275016e-01
5.007311389755960546e-02 5.285590327170831826e-02 8.056573654620609037e-01 3.332805939787275018e-01 3.421221717591704237e-01 1.862701910625932378e-01 3.292126557397735687e-02 9.843083079551055992e-01 4.437192700611639617e-01 1.108262440911978175e-01
1.320410415036421259e-01 1.081248019790910231e-01 1.551489642710889294e+00 7.867292184425836443e-02 2.593565316401029164e-01 3.562002131873087674e-01 4.666981005184229342e-02 2.587830877493387804e-01 2.970826552880214688e-01 3.039995209015002309e-01
2.668262209304088084e-01 4.693293176380177595e-02 3.325749480511161482e-01 3.916157009407796041e-02 1.120701283020684447e-01 6.235286278989723430e-01 1.395422616337689894e-02 4.697831242477299440e-01 2.463429625846000059e-01 1.069541414443736738e+00
1.472614443939846696e-01 4.923456196676757879e-02 1.477028440290345079e+00 8.953601424744160597e-02 3.524325061432237449e-02 1.229383109119176476e+00 4.131301291493069683e-02 9.880326686383510415e-01 3.345176364625089827e-01 3.088722159173367676e-01
1.994712229174534779e-01 7.579888302534408540e-02 3.856168544654741681e-01 1.145466547454344342e-01 4.309601323763088271e-02 1.131163166522314523e+00 2.841740032512181727e-02 1.551401165614407329e+00 2.759379763277238773e+00 7.548987168819518145e-02
1.225597007109887338e-01 4.354327603147499504e-02 7.235494642289388989e-02 9.109736780442599657e-02 2.865665229543929993e-01 2.827304834628073804e-01 4.915434469680217411e-02 2.137634320939381993e+00 2.805455112606033197e+00 3.187703495927191599e-01
2.377288618466719128e-01 2.848605883061902655e-02 3.396066162381704001e-01 9.324887990905669777e-02 6.310721127936325114e-02 8.508454529977804714e-01 1.548403996371633742e-02 5.015863403393445719e-01 2.358309829587155626e+00 2.640974261467712303e-01
3.071000416380292863e-01 1.405053986540195921e-01 5.069853825696917227e-01 5.466926029344877647e-02 6.840382046950102546e-02 7.649312350950808748e-01 2.998952634379287163e-02 2.925569386826996521e+00 3.664682928421033048e-01 3.423275692447133034e-01
1.022537886846255351e-01 2.759687238272688914e-01 3.141705209898431606e-01 2.979949274969028727e-01 4.080809299494386061e-02 3.518288057823993342e-01 5.283081466245596880e-02 2.283248819604040136e+00 5.809339595039403337e-01 8.408573427230639497e-02
2.061077569476129079e-01 8.778883930391859214e-02 2.627400348527272333e-01 2.176266729657310578e-02 2.573798375306741160e-01 6.427372980882565257e-01 1.516705576199204285e-02 4.289381443368130431e-01 2.985556728949648964e+00 6.289388344592992952e-02
6.460713441681506519e-02 6.131444382599911952e-02 6.091997916705400584e-01 3.913487902365372223e-02 1.137723149532874067e-01 7.382626667263789688e-01 2.651796672802190780e-01 1.278807415330643460e+00 2.947301260509329057e-01 3.257718244418820186e-01
3.582298148964443429e-01 1.264343308593552373e-01 1.322792902128164527e-01 5.585231168791324891e-02 1.677149187527552932e-01 7.556713666805257024e-01 5.122238520021782371e-02 1.451322586034942796e+00 1.063128662743749064e+00 1.452418813347804982e-01
6.769296477137121126e-01 3.683415057974748219e-02 1.426529549222336213e-01 1.321351952939985863e-01 1.986131332371001978e-01 2.393279743857246733e-01 1.235554829495083551e-01 4.022347472342646668e-01 7.795844301886586392e-01 7.018838521848354273e-02
9.339469772618239074e-02 2.318981317633049266e-01 1.159547893901644311e-01 6.565386599153165414e-02 1.826473235258626038e-01 1.126776808261661156e+00 2.171460077026940994e-01 1.215166837175760461e+00 3.629623943939895847e-01 9.718589185898024452e-02
1.209275926617468244e-01 4.169874260113153042e-02 2.235498528628447334e-01 4.134313987977803612e-02 3.142342610316782303e-01 1.778472768996676834e+00 3.592588637837654947e-02 3.111902296826741798e-01 1.647041947933054917e+00 1.414190141242380461e-01
2.628207996570727234e-01 5.638636120165900489e-02 1.331322247746509480e-01 2.629933190034414170e-01 8.072134244851239537e-02 7.424357094827250814e-01 1.769764801602984883e-01 1.321091810705892655e+00 1.319603394436908106e+00 1.400052809648467955e-01
1.587348088669187085e-01 1.805016369874135052e-02 5.387672376782941530e-01 9.146766055306645993e-02 1.831909302816369656e-01 8.081270597879960382e-01 1.037057963143819539e-01 2.302412784157771064e+00 4.573667909582795899e-01 4.099837691083152436e-01
2.071012213007978331e-01 3.085081268393828277e-02 9.194022434493216434e-01 2.136484322629424448e-01 4.080070295234540789e-01 4.469097941757947945e-01 1.882979175602365191e-02 2.943537794668456553e-01 5.713486244460133090e-01 2.091763915155553377e-01
8.688762868028435116e-02 5.209004736046309730e-02 1.481522580173141534e+00 2.170705117449782673e-01 6.193829751201966605e-02 1.564802606956372077e+00 2.913442315313395994e-02 5.890935474013032636e-01 4.801029645212553376e-01 2.116112218503980458e-01
8.757625142896743875e-02 1.946812553849858185e-02 1.068421918587644459e+00 1.988518931764566011e-01 1.581286427552942575e-01 1.164991422192378723e+00 3.116162445095477934e-02 3.398626368578666623e-01 1.967032156715538549e-01 4.573881540015329317e-01
3.451806063878770647e-01 8.502441773271607328e-02 2.204001509346242282e-01 2.447935803012348255e-01 2.565729488323217344e-01 2.539391540844910811e-01 2.829023004968815938e-02 2.073102184553803351e-01 1.962781901754911407e-01 9.936988713243072313e-02
1.098420722560799340e-01 2.738510320207951376e-02 7.684599414725079569e-01 4.977744776807895011e-02 4.195441367359149798e-02 7.058209031157913760e-01 1.451724990743849808e-01 3.149577348253045361e+00 3.984634552038236466e-01 1.494063108063735101e-01
2.273005276410389741e-01 1.079694962021872928e-01 7.310795523805789786e-01 4.774632249977006637e-02 7.647521638787251053e-02 1.860476042041294020e+00 1.789235433635456493e-02 7.381756256678820849e-01 8.265905621477248610e-01 9.561988603222125460e-02
5.275402836556276620e-01 2.315432060807227910e-02 6.566181745700128136e-01 3.705085711239333029e-02 1.501791519771435712e-01 2.553856643109145841e-01 3.022064761251026452e-02 2.614030586387650068e-01 6.639605251156841526e-01 4.152760782496505709e-01
1.243541312397184184e-01 3.945249277524183473e-02 6.679009117074899970e-01 6.073229612534699479e-02 1.449684488354909817e-01 1.608092290649525635e+00 1.644613127433479371e-02 6.343837316675271509e-01 1.571520551765360763e+00 4.256658658374332660e-01
9.567119446475996769e-02 3.876570024533030484e-02 8.626494371896511471e-01 9.242138429631183150e-02 3.562639955824321580e-01 1.222094330976603305e-01 1.848020378247041545e-02 2.722721091953177464e+00 2.176094433034153841e+00 5.899948599547583106e-02
1.472841076715739050e-01 5.480393686389292002e-02 2.111738640000044021e-01 4.108408438180989608e-02 8.670962355310012082e-02 1.296623379781655649e-01 9.181111473987194072e-02 6.060477083605315674e-01 5.902037462022347025e-01 8.235702944830639027e-02
2.421731704172698785e-01 5.302698896585771038e-02 1.299414848362900332e-01 2.955109672021951073e-01 1.892208711333202009e-01 4.617658826221784918e-01 5.404231513177769342e-02 5.871676375692402861e-01 5.415779994219620530e-01 5.345372454252919070e-01
3.332868837433128339e-01 3.066817116450285680e-02 1.866275504045972755e-01 3.070683426266400742e-02 9.409215531880130157e-02 7.172274137926072379e-01 3.979997357219004772e-02 2.413794206630583972e+00 3.162159173134783119e-01 8.946172104360334831e-01
5.051376325952976476e-01 1.047404885677215292e-01 2.379014895112752104e-01 6.528256512967224590e-02 9.893979357063079072e-02 2.357680654389513464e-01 2.102101423157803559e-02 1.437213665174346122e+00 1.936952372228967434e+00 8.494169609112986463e-02
7.761600540561007511e-02 1.878729501657227519e-01 4.942573429589184331e-01 1.431108695639483029e-02 3.534278251282822747e-02 6.214482960990357352e-01 1.935083170233710750e-02 1.153969382884702188e+00 1.002811033869315915e+00 8.091000700748673946e-01
1.986776551957500081e-01 3.186465712144449791e-02 5.254804704446158770e-01 1.352291069194496154e-01 9.563728393135319250e-02 3.718183509798121955e-01 2.842132782404735436e-02 1.578677418983928771e+00 4.980359772618903058e-01 7.412136120546142237e-01
5.458705762707267706e-01 2.623318736819675936e-02 7.006386178348201765e-01 3.932902525255416865e-02 7.586703420735718684e-02 1.158912222344246734e+00 2.714622819611923685e-02 2.727119254870419507e+00 5.667985807462307957e-01 2.157899771997473515e-01
3.388890343029223318e-01 5.350848961784680780e-02 1.958753451434735171e-01 9.786841925611070026e-02 5.533556661215094374e-01 2.143085657674899669e-01 6.361819868686326152e-02 6.874353825291723563e-01 2.767040420669235057e-01 2.115597091139512220e-01
2.365317508903662935e-01 6.295566825672437028e-02 3.857583992146173535e-01 5.920771941003164646e-02 1.365670109454006076e-01 1.360156008572661834e+00 3.461395886550292650e-02 8.927206648994827631e-01 2.131286726690111433e+00 1.737379246194807048e-01
3.642016289862417544e-01 8.656869740159141291e-02 7.366793208804489623e-01 4.299581365576080061e-02 3.534606750581367751e-01 3.687494473896176794e-01 5.149823265483886858e-02 9.011049996539624019e-01 2.676824648220096359e-01 1.894405199092408509e-01
9.738124742965656444e-02 1.448416316569420270e-01 8.852976452178331623e-01 1.111556051276673118e-01 5.011934116547454854e-02 1.436550767148611629e-01 4.842140930067218713e-02 2.997633497031069627e+00 1.970661297645098120e+00 6.397164392598070348e-02
8.889965519808924743e-02 7.147014491520536916e-02 2.647267082139176386e-01 8.769791002089172283e-02 1.062204728356216654e-01 1.566375255107320119e-01 2.289826922773068318e-01 2.921801304758809170e+00 1.702517341639233850e+00 1.505487896272613146e-01
5.642003014243536230e-01 7.839616273564384286e-02 2.970096810355844497e-01 8.538693631712365728e-02 1.138777359794443944e-01 7.739598370699861674e-01 3.476049343455697715e-02 1.457232710292519329e+00 3.265155602999521567e-01 3.984671542747116879e-01
1.728762973523850222e-01 6.006575680343527457e-02 4.440961833245779533e-01 6.155463147911505173e-02 2.708473698338466074e-01 1.688729325011788518e-01 9.318893008037687498e-02 2.651477148644562298e+00 1.482938008983494038e+00 1.154201127688535555e-01
4.371848365731503122e-02 9.466639317929312347e-02 3.463183657624649414e-01 1.746881318858907739e-01 3.260250811334509669e-01 2.585178332898490638e-01 1.657066022549160203e-02 2.445414399060247490e+00 2.417539777343859608e+00 6.692361235051186297e-02
5.466969430147741033e-02 2.200080472881063565e-02 9.929049103022755673e-01 1.940134718086694021e-01 3.894355110766779121e-02 3.524408127484618403e-01 5.550166708385820963e-02 1.772074515106475401e+00 2.609428724296066981e+00 2.249041818393781589e-01
8.576693964664199032e-02 4.871564272768683784e-02 8.733510314471425451e-01 7.481922166287677256e-02 2.327793350029126462e-01 8.736803934305109598e-01 1.130366471207200629e-01 7.325298374050940309e-01 4.133755976111325170e-01 8.882756516945879144e-02
2.704135643180117787e-01 5.675897160800639357e-02 2.737960731023276195e-01 1.027860187360389033e-01 1.635292299396957083e-01 6.795524818258396049e-01 3.147287991746198360e-02 2.737108566795060649e-01 1.895604569935448180e-01 5.644217623734013589e-01
1.122742975816335143e-01 1.499042665204121660e-01 7.850191576468518173e-01 7.261422780393857190e-02 1.118320387791194026e-01 3.142671706914957896e-01 1.638254881284360517e-02 4.807262877340291451e-01 3.062092461586777281e-01 8.397542327615215019e-01
1.351671430020511822e-01 1.139063065862913754e-01 4.221173787902886554e-01 3.058296247874706109e-02 4.848551661278318048e-01 7.217909946346294792e-01 4.540736694599542544e-02 3.973851203565056944e-01 4.177681923551587184e-01 6.290972642091400280e-01
2.060116466362373333e-01 6.421082867354152568e-02 6.403787217901875106e-01 9.898113113048531697e-02 2.532895212227733173e-01 3.008080835176224488e-01 2.787675052305218018e-02 3.806068427048098779e-01 3.171083170290620146e+00 1.267617411635462710e-01
6.016228967139903849e-01 1.195299544193140912e-01 1.877398436777600876e-01 2.517148046064068279e-01 1.090711560880676528e-01 2.988305008170371591e-01 5.759348915350000903e-02 1.519298462687035167e+00 4.330123807740397512e-01 1.277694350320706385e-01
1.139944160949099422e-01 4.595185341715802424e-02 8.523929995015313565e-01 2.300789198072588637e-01 3.062458636921707167e-01 6.832136639892643082e-01 2.423400236538184732e-02 1.925284605982522823e+00 1.343261573352843907e+00 2.041141634985332853e-01
8.402174454198735321e-02 1.935400765122448005e-02 4.159837865423147152e-01 6.943411676152572154e-02 4.632041367879905502e-01 1.046437528566099395e+00 2.933570939989390419e-02 8.474731030174199597e-01 1.370869926254231874e+00 1.638748492603082085e-01
5.975512706243364391e-01 4.160000801767912287e-02 2.054434610299813446e-01 4.079825370214279490e-02 2.717691129049009668e-01 8.313064594858211587e-01 1.639787229717497297e-02 3.986869792422838010e-01 8.611265540593937562e-01 1.203555914952897654e-01
1.529616425057085671e-01 3.511881241001005988e-02 5.544847387003214445e-01 2.233748442457132999e-01 2.363420846457557345e-01 2.200604181982577789e-01 3.435261005827603548e-02 1.487302807074056543e-01 3.977141282502871245e-01 6.076990838354082713e-01
1.185161562286209114e-01 1.262692436100733562e-01 9.664014345275843132e-01 2.590011611337905695e-01 7.732204584144128368e-02 3.956663980277222437e-01 2.387430994193931802e-02 5.317100235382448137e-01 3.438427726230647297e-01 5.900072346590514716e-01
1.815636265481773148e-01 4.995921697250363391e-02 1.363323955465675086e-01 9.450274174446508801e-02 3.725112228316789231e-01 1.546027811639861527e-01 2.671829791807400767e-02 2.388710047937074310e-01 1.495819608301836023e+00 6.695966987672919979e-01
7.533211120015700923e-02 8.671529076852675655e-02 4.977010902631134881e-01 2.097005538054338147e-01 6.542614589076489739e-02 1.045266284924283307e+00 1.367818185634325778e-01 5.358242994097153211e-01 2.253461588933957760e+00 1.953549449329968213e-01
8.570095006808575722e-02 1.409481602897391384e-01 1.070785976363973990e+00 3.979493614825015818e-02 5.916614978077507775e-02 2.671363682901668479e-01 2.166777665835826344e-02 6.908341763876059138e-01 3.922761464543546572e-01 5.622459293556335558e-01
2.287584726476899755e-01 1.244425947196063642e-01 2.362493180703553186e-01 1.004777775725128330e-01 8.888295361426302998e-02 8.683945744266333699e-01 5.612421518696397715e-02 2.386840529965741364e+00 1.887279324473923880e+00 1.094295710134152166e-01
9.176605710047784636e-02 7.610729312951154679e-02 4.081031912601063572e-01 3.809417954557516861e-01 4.211481742938462391e-02 5.893020174168032144e-01 3.679083803504686057e-02 3.016558675416261548e-01 1.706631318203508663e-01 6.904850977790879529e-01
6.657707499581211330e-02 2.598656553142121919e-02 1.207483391753485957e+00 3.393000328589201864e-01 8.139195694538377268e-02 6.014014684060959848e-01 3.532580433208549336e-02 5.639268439096618568e-01 3.638323425012011669e-01 4.928112296786788665e-02
2.799463604114940107e-01 1.876486924376406240e-01 6.970739947272078796e-01 1.344331299524294809e-01 2.982361219036918087e-01 2.364100099109240349e-01 4.310562683622964908e-02 5.040448928774260429e-01 3.345130832640667018e-01 1.665202443984634961e-01
5.541450533581233628e-01 2.873772548838145549e-02 4.453325571979597219e-01 1.545360936278699915e-01 1.174753751340957553e-01 6.333455213998597788e-01 3.683112048033927721e-02 1.322495728560838524e+00 9.769164317296258337e-01 1.306064268370750736e-01
3.265577557909874473e-01 2.956047871406379188e-02 6.049081792732265983e-01 3.866086632786365773e-01 1.523047998104115064e-01 1.902606364254994520e-01 4.586960898043813961e-02 1.095130488288943216e+00 2.632188193313670932e-01 3.057585480039050063e-01
1.818731429009949330e-01 7.760939132088257031e-02 1.272802029084858511e+00 5.313434012949018459e-02 3.807228954198664805e-01 2.558750180701567789e-01 3.455988492271256513e-02 2.921464403334666504e-01 5.078779105518125281e-01 1.039173272822665473e-01
7.738540217919541442e-02 5.231674521720840187e-02 6.119370872549204643e-01 1.933077752192137733e-01 2.775559481894095959e-01 4.342043707572766920e-01 3.890369729076656458e-02 3.776165783968089551e-01 3.447261099104542037e+00 8.722535750434103063e-02
2.597572491934941885e-01 1.501524678731841755e-01 1.140084127820712556e+00 3.750805566662958335e-02 2.697730741759888848e-02 6.188028567089347565e-01 2.789473159833805171e-02 2.868161664219109230e+00 9.522903350945683965e-01 2.135104366455677916e-01
4.840532493746806109e-02 2.962284528249177137e-02 8.521830040371339843e-01 1.895926603238269614e-01 3.143489249680487263e-01 5.812376846131463992e-01 3.356213830437797252e-02 1.632815077194338382e+00 1.565543533779161445e+00 3.292896068107433183e-01
6.311110803080595411e-02 3.363121344167688265e-02 6.417117231240621056e-01 2.106292033742032110e-01 2.374904182549570919e-01 1.026683808519843977e+00 3.616679386370205002e-02 7.978167285822659327e-01 6.982072905737087831e-01 4.428785510085515575e-01
2.565245744129894812e-01 2.552897817366434757e-02 1.161869087906349518e-01 4.800125735525098691e-02 2.900490936022769861e-01 1.098060521475597628e+00 7.696288984331260685e-02 1.089353997382199291e+00 4.209185077943419229e-01 4.811902403177021337e-01
1.051698910370469087e-01 1.204080377062581031e-01 3.227506399243803559e-01 8.359141292892560693e-02 2.186453787429779028e-01 2.879646306216222529e-01 3.138717728355324560e-02 3.765749745978213436e+00 8.397971392892739084e-01 5.375717958526868845e-01
1.522352942606869652e-01 2.681585862558734726e-02 2.537522846942145138e-01 4.325753645430772953e-02 5.372665924571990992e-01 2.836609770524588514e-01 3.416186976404617798e-02 3.435951954271059261e+00 1.335854537513882612e+00 2.058862252599031328e-01
3.717891772761823255e-01 3.816981484309194678e-02 1.194863163102008324e-01 2.863679848299068853e-01 5.986344748119600684e-02 6.293889950641660125e-01 3.817521919642985484e-02 2.865128870349928469e+00 5.809332232719094380e-01 3.520370458103836420e-01
2.716576417506659791e-01 5.638724032944676667e-02 1.654319960701677306e-01 2.986218820442287925e-01 3.379546547932826134e-02 1.420909383978407714e+00 1.283598093975964471e-01 4.540381898114922987e-01 1.259114189438971021e+00 8.111140908102368319e-02
3.313487510711177197e-02 1.641138559939412517e-02 5.488418501662383209e-01 3.237187844866640796e-01 4.517764173714881870e-02 1.540266155326455166e-01 2.092846781500744269e-01 2.254442455106900223e+00 2.848951248045891727e-01 5.382449017367765265e-01
4.783037419165760973e-01 6.501863670898291869e-02 6.880195345704337440e-01 2.829731999326572933e-01 3.068432669843881161e-02 4.545357775859356630e-01 6.184738157554162813e-02 1.033512986434029335e+00 1.059898983748329027e+00 1.007163505190555863e-01
1.746629607506353377e-01 5.872492767501850952e-02 6.281804729902680240e-01 2.885312457304839429e-01 4.595858564675853186e-01 3.043124179626712222e-01 2.159159333716247769e-02 7.987964896987275187e-01 2.808458006736329060e-01 1.023247898237242548e-01
2.138095007799036829e-01 5.919712701466543076e-02 7.217410995234789794e-01 7.324544333112312233e-02 6.362214746246822039e-02 3.398107914142103891e-01 5.806317097050717191e-02 1.635329671237884197e+00 1.409961821684525995e+00 5.610618636358950806e-02
3.134474550950955840e-01 1.052240751938894325e-01 2.347134291814576001e-01 2.336209422339793063e-01 2.131533475402526689e-01 8.982212627565335783e-01 6.833843957351486142e-02 6.627785844402366289e-01 4.513802328883523285e-01 3.681860930741919224e-01
4.335535732498719819e-01 3.396006359540061637e-02 3.425704749494656864e-01 2.465028297647772759e-01 3.577898174169923812e-02 6.769218361573842158e-01 6.054371089531719596e-02 5.065196731205237057e-01 1.725243548216314426e+00 5.005360697756061628e-02
1.976806627903260893e-01 3.321512362767414100e-02 3.326225730970729932e-01 3.810957981211094969e-01 8.383288882501611916e-02 1.053256669112466515e+00 8.418623079339392079e-02 2.104241986745358783e+00 4.474411705536224804e-01 1.262045828482353804e-01
3.784479658409950487e-01 2.490442992332104338e-02 6.720139536542180103e-01 5.963506662462376984e-02 4.083355400361159404e-01 2.376214718726773201e-01 8.664935710611472441e-02 4.328459460388732749e-01 6.127906602779028544e-01 3.605935990067394847e-01
2.833851130589232215e-01 1.061861939467246413e-01 4.872121351357827090e-01 9.566911072877554156e-02 2.861465442209125687e-01 1.754329958643586207e-01 5.145321945477084741e-02 6.271100907914677336e-01 9.266496627296409994e-01 4.154979181688555068e-01
3.522526133188369490e-01 5.200035461637754486e-02 7.802891305270787115e-01 5.341828084243800678e-02 8.230362753420580879e-02 6.705325728829875098e-01 3.723945302899317467e-02 2.699130258600317855e+00 5.569783455177351739e-01 3.924149385550825819e-01
1.612702406130095689e-01 1.826068647906735620e-01 6.995196038840123531e-01 3.633644439471080123e-02 2.117096977103348210e-01 5.075057543375647295e-01 1.313703383399643654e-01 2.838098810490123913e-01 7.427297253147380207e-01 7.021861322471908973e-02
1.594051799650278156e-01 6.009512083031166851e-02 9.981461362978223395e-01 1.017510774107364818e-01 1.265844458406467921e-01 1.735001673256653110e+00 3.791171708760995157e-02 7.988500862587367690e-01 3.649438434411281795e-01 2.748946007755291854e-01
9.216582881885414247e-02 3.449502191961757724e-02 1.186841263519113676e+00 1.419547268754630942e-01 7.827536176658615730e-02 1.127549533135559834e+00 6.237587871391162692e-02 1.211918779779698863e+00 7.474476990232783447e-01 4.280743585515532912e-01
2.630899764401023466e-01 1.398773387308257198e-02 2.156298716042748809e-01 9.202849599289925075e-02 6.918079609177876788e-02 1.171155608369959911e+00 1.178537050853916898e-02 1.944929507221258569e-01 1.116840110073122005e+00 6.969243321563500793e-01
1.360320297870983297e-01 1.008795906116538577e-01 1.289069320430440646e+00 2.069483243819205676e-01 5.202770196550619841e-02 5.420875862702982939e-01 1.093358226699836094e-01 2.816161579182770991e-01 2.869002196392674287e-01 2.605554948725087305e-01
2.604860696042270440e-01 1.465605422658891877e-01 3.191989733278504104e-01 7.931251668752326012e-02 1.997518004995964824e-01 8.492419607464813947e-01 9.035661905707399744e-02 1.563740641015297195e+00 3.239200831573062489e-01 4.184211806631007446e-01
2.397003130630199763e-01 7.445754231242114607e-02 1.461493838616005014e+00 5.193404971415566118e-02 5.497023364849071975e-02 9.988192440214914702e-01 3.799634713142409359e-02 1.708054581247561599e+00 4.257964850136487511e-01 3.085205903511399894e-01
1.787561763826755745e-01 2.048390928931608651e-02 2.899909064547840920e-01 2.094556253899286860e-02 2.541081173723007749e-02 1.320895863323267694e+00 1.849005093269245337e-01 5.225926852750925056e-01 1.853350726473157462e+00 4.593737341054800194e-02
2.072273334905811448e-01 2.806129146044150646e-02 1.097468370261500015e+00 8.943997888400209706e-02 1.293852280991948933e-01 2.983433846288022218e-01 4.300835415814586310e-02 1.985548708619278457e+00 4.500140172442687048e-01 4.909243886697506332e-01
9.674946145273918829e-02 8.148019220416351238e-02 1.189385128859151930e+00 1.405325227175202862e-01 6.821065020769068177e-02 6.291963687746997547e-01 4.030948741997631563e-02 1.963109062061359822e+00 1.306578125984235950e+00 3.359683630654440867e-01
2.130291460354734601e-01 3.912254555542486051e-02 5.080191838757313061e-01 1.010415559310429978e-01 4.246327455209174540e-01 5.114986691511262951e-01 7.516073494379268971e-02 7.863843943021636695e-01 1.153807217795540074e+00 3.781622175664898777e-01
8.005092831464852288e-02 1.737985488827404890e-01 7.046091982469750992e-01 8.274174837444393804e-02 4.356909097688629190e-02 1.244646153126691468e+00 1.306581845263483574e-02 2.633872273089732374e+00 1.027087418464871282e+00 1.497475681530252289e-01
7.922860563930919642e-02 8.999317314154900438e-02 1.681048780799259956e-01 2.049463953770943037e-01 1.011407395966330974e-01 5.956892647768563531e-01 1.460254421913482169e-02 4.004394649699883679e+00 3.593523833841515414e-01 3.981590478589677184e-01
2.870968597620321416e-01 4.464242656721479491e-02 7.309871919087039815e-01 3.004012609252003640e-01 8.702936632594542032e-02 9.017654872594056403e-01 2.174399316093472007e-02 4.897261823523364477e-01 1.298808704427566685e+00 2.972183632314222002e-01
1.753324156307169701e-01 8.254871061562397971e-02 3.402459055215930062e-01 2.905742729313318118e-02 1.983214389915730624e-01 1.530530999611496856e+00 2.741615689238222769e-02 4.816944965110520616e-01 1.175104221956291717e+00 7.405634655768314478e-02
5.159566966946615985e-01 6.625939832761998383e-02 4.912230086148939856e-01 7.297273432661416370e-02 7.265823660867054556e-02 7.065125634128202048e-01 4.697964726022842846e-02 1.468136702792071535e+00 2.942862668514304447e-01 2.729925021247737726e-01
9.109922263780664831e-02 3.056647369131957476e-02 3.743076094688926325e-01 2.644601509695646557e-01 1.588631877529956549e-01 1.805123078549115689e+00 4.007783843241254779e-02 1.691180661826612752e+00 9.454979998561527932e-01 1.570137574227160326e-01
1.505808131557934693e-01 2.575817137516435082e-02 4.678346381112633567e-01 2.492001671948889108e-01 7.673380215025583928e-02 2.105336007635608964e-01 1.407040077803435874e-01 8.163060154301027271e-01 2.060619092895234594e+00 1.914716829324813741e-01
2.786657713797590086e-01 1.235636265055854201e-02 3.698983231571808528e-01 5.556154333571459991e-02 2.888971146438030699e-02 8.129382405845742010e-01 1.230889075250508335e-01 6.901390279063293054e-01 4.678530890565975042e-01 5.100694999317052503e-01
4.791687145662101299e-01 1.105315936409024119e-01 4.335000376740738015e-01 8.768530781218417114e-02 6.412140796926565911e-02 1.031403126563839256e+00 2.902776857410767700e-02 8.647198829043680757e-01 5.724292787130693672e-01 1.975486744690318763e-01
1.472859063187653972e-01 2.018528120819871804e-02 1.139680084593535536e+00 2.224870305698814499e-01 3.337661534948866970e-01 5.824291021031999804e-01 5.688227701926409224e-02 1.496594019205855775e+00 1.259870961294670355e+00 8.666820543224625084e-02
3.117775838096153440e-01 1.969443307100565144e-01 4.949291795247970915e-01 1.051551833900983279e-01 2.296756995069855201e-01 3.001536134675534262e-01 3.786946701031974893e-02 6.008243740500384122e-01 1.177757927271135374e+00 2.532517454067785834e-01
1.953826467311082227e-01 1.639538907356163921e-02 6.440638288383142562e-01 1.036299113956217488e-01 5.601896556708927388e-01 6.487513337901107402e-01 2.254194746723365769e-02 1.224252393449059895e+00 1.020161908946649820e+00 1.509327979997167057e-01
7.502258095386149517e-01 1.830015927574841009e-02 3.017653094746013953e-01 4.461246872427966637e-02 4.665371096335804713e-02 9.519189045218994227e-01 6.583487362205840687e-02 1.069158895072683801e+00 6.253812056535472674e-01 1.261174316201561507e-01
3.425741256210089736e-01 3.321954287407404699e-02 1.459105812587039086e+00 1.017353877562688219e-01 2.072964205832948381e-01 1.704037047872687394e-01 4.690845098177558181e-02 1.974903422493363037e+00 6.464699238064713915e-01 1.720990564943010726e-01
7.403027796885944256e-02 1.540333539720596390e-01 1.438032972531490206e+00 6.795911581785472888e-02 1.819025761835676991e-01 2.496469928840077679e-01 1.963856433953851954e-02 1.018290050195923113e+00 1.201871179615259244e+00 2.703661124508704439e-01
3.250040460940829545e-01 9.786689870015270742e-02 9.708230741453196533e-01 6.057126888630690736e-02 1.430576873865740395e-01 1.087769101347807021e+00 5.346420349134893557e-02 6.004525816249085546e-01 5.586684212730574917e-01 1.550284797514332735e-01
5.207784570095099763e-01 1.211695244833609630e-01 4.692153129379375009e-01 7.777374374563222892e-02 2.570099606372129308e-01 3.080151657036231394e-01 6.026461238508369622e-02 1.579024460992283441e+00 2.622960276935447088e-01 1.017147391134494566e-01
1.900030401643555966e-01 1.903025461244080285e-02 1.688665950498449697e-01 3.957970765909416544e-01 3.766434490124148660e-01 1.374656426655251618e-01 2.580736291034037982e-02 1.903088095715605332e+00 3.373676549742407604e-01 1.848372259150136421e-01
2.898644248156335146e-01 2.595795834021421070e-02 1.831112114501358135e-01 2.440369247735415040e-02 9.221145095825576676e-02 6.572569541781702052e-01 3.113241652081922758e-02 2.972124819845576749e+00 5.569214383777503219e-01 5.752172215564800295e-01
5.698360405293463327e-01 2.435940838453526380e-02 7.410033057851546368e-02 6.727424720891364562e-02 1.287637018217548113e-01 1.539748156590855233e-01 6.009470394835768337e-02 1.298202831943327640e+00 5.607344896362236319e-01 6.368778979211704439e-01
5.769786595852269828e-01 3.949968255393858374e-02 7.175191969365480871e-01 2.554797004464716761e-02 8.635029100040177152e-02 6.945156908076859370e-01 2.528343142248488246e-02 1.815076333467213754e+00 2.303449353510240161e-01 7.850857240437422724e-02
3.882382744727537194e-01 1.122616938368936196e-01 2.856738273541536421e-01 1.720177377523408879e-01 4.356340591106188098e-01 4.443555256004738108e-01 3.303876306958267867e-02 1.297852819737310925e+00 5.160563605544415955e-01 2.903251368251834608e-01
2.519121021638500713e-01 7.373736530224538066e-02 6.836054576187846621e-01 6.686544128699659084e-02 1.032300145546555664e-01 4.412561395265870989e-01 1.962114240034100732e-01 9.307064704316875270e-01 4.409754601734260926e-01 8.925006933492771188e-02
3.618347518653735051e-01 1.610527882117096798e-01 2.317506981367515873e-01 4.303583187002803234e-02 5.680849444542758475e-02 4.628599845523844181e-01 5.222832834011109648e-02 1.083013192483090581e+00 1.719374069529639115e+00 1.359373687973510214e-01
6.569928914974414169e-02 7.611028995531096686e-02 6.654983590558203321e-01 1.541871836932075801e-01 2.676357807211716122e-01 1.145606529639646431e-01 3.093136345130738721e-02 2.434187215369155999e-01 4.022424139381491903e-01 6.053283538269543795e-01
9.011454062314937230e-02 1.022563289064754299e-01 4.161411489256468532e-01 3.253188464433630633e-01 5.118327706496984819e-02 1.332756962020236191e+00 1.657232362470122400e-01 2.994758955127049260e-01 3.613407152891313645e-01 7.437244744787228912e-02
3.192671821374272190e-01 3.713247057987948546e-02 3.446028030499271866e-01 9.139201251641373980e-02 1.515760101445969010e-01 1.171030419403808365e+00 6.575730329307850897e-02 8.848459626997382532e-01 8.777163108254804058e-01 1.781576576864445094e-01
1.719846423940996905e-01 3.974019354527722619e-02 1.831393411798991067e-01 1.379047563157765333e-01 2.258083614716844545e-01 3.962207461843277878e-01 1.129331931102319497e-01 5.977875004237445111e-01 2.778277056503113851e+00 2.925838584224916272e-01
3.771108456138004272e-01 5.332167013533395394e-02 6.491634680997521167e-01 1.256516276733360415e-01 2.716334861124439781e-01 5.106507096208989793e-01 7.504522863189250215e-02 4.029973145669970558e-01 1.368609587971792774e+00 1.884037452263698509e-01
3.404792361488279129e-01 2.675033072864582695e-02 7.788808372847619843e-01 1.131468083073690345e-01 5.123772713762877323e-02 3.930050248782225863e-01 2.195117501213846370e-02 1.826240418111861885e-01 2.129790314888940217e-01 7.682214309134993702e-01
8.310622158177813357e-02 1.804422260130108535e-01 2.203075796886914683e-01 5.925411587788684958e-02 1.864470141482445220e-01 1.450546000172537875e+00 2.542843634275033377e-02 2.286694024562551331e+00 8.096018039283269241e-01 1.878801840159030900e-01
1.049348944092209496e-01 8.904647815119147436e-02 3.874131364201299776e-01 5.268614059508478636e-02 2.194311415810424604e-01 1.314128854493275211e+00 1.038705477550831147e-01 7.372817691865971579e-01 5.237991715717568164e-01 4.191865448618360412e-01
2.796422349030681653e-01 1.903206707877457549e-01 2.367622791515164860e-01 1.654406780414874600e-01 5.907655560926965144e-02 2.724627857630512184e-01 2.013012047992454590e-02 2.650389755816456305e-01 1.135910949322924024e+00 6.673425932517575987e-01
6.585329742203654968e-01 3.736597704701118128e-02 1.173096041017204660e+00 3.997302433703826818e-02 8.376842737227006841e-02 2.210946780987635418e-01 4.333360810098176030e-02 1.435817425563144845e+00 3.336227660614454749e-01 1.643901337031069276e-01
2.739270189263046662e-01 1.158621939385351685e-01 1.475138605621714449e-01 5.456674192635523057e-02 8.202386883106073390e-02 3.576843141480259836e-01 7.702543219410942776e-02 8.234488545056602993e-01 4.766997952655667170e-01 1.290197970845741726e-01
4.944109356814644363e-01 7.948879845343694017e-02 6.210949055399115348e-01 8.184482040435639427e-02 1.109265980179654082e-01 7.852365590242305071e-01 2.916812556035670509e-02 2.816343768908423639e-01 7.317114489551093115e-01 8.145015356027680842e-02
4.682169609259910215e-01 4.618716217938558660e-02 2.780478106238094549e-01 1.294809017130981732e-01 3.404108153566418604e-01 4.792494873570429803e-01 4.514263207162554775e-02 5.015097131988038859e-01 1.162758992740070330e+00 3.429815255287529951e-01
1.979018023854730857e-01 5.716234363573007016e-02 6.236246306593179467e-01 1.000445027962097305e-01 2.286766800184467652e-01 1.411434240643369531e+00 7.441809245322396349e-02 4.155972025634755984e-01 1.511492386997071335e+00 1.420637635089132267e-01
8.514465203634662138e-02 2.446262852758889980e-02 1.442599220168215179e+00 2.295031893643082466e-01 1.331752757606148863e-01 1.134325175307961064e+00 2.113137202390627870e-02 3.671305936021233007e-01 1.098578339800480252e+00 1.817840927050961841e-01
7.285485753768183859e-02 2.111303883052428887e-02 7.221099633299216114e-01 2.527436326019259494e-01 1.889834115859208852e-01 4.981472009990655647e-01 3.742311835342896492e-02 3.153791189204343759e+00 5.786778522711373274e-01 3.611044542794841217e-01
2.428839517480208543e-01 5.478804256475643120e-02 3.023250133731861244e-01 4.271104697930892813e-02 1.223235257486359612e-01 1.085660051134544002e+00 5.980051438157820559e-02 3.748957533132293296e-01 1.613298839990971345e+00 3.366793867705052956e-01
4.194868775193565935e-01 3.440001330801199103e-02 5.412726392515276874e-01 8.968778628516214935e-02 1.792870397616809497e-01 6.648109394200318878e-01 3.575241978105252183e-02 1.637052644710780935e+00 5.219168485484935172e-01 5.788749760784474008e-01
2.170757234835694605e-01 1.328541818127712028e-02 1.730469268321027654e-01 7.618752073939052960e-02 8.352191632634047014e-02 9.963242231467243082e-01 7.081694639150801218e-02 4.330498078805461448e-01 2.466880761632806784e+00 4.353026590155624764e-01
8.800591334047502823e-02 3.639923974732559714e-02 7.378871601980316886e-01 2.164986271255910089e-01 8.706996190715173001e-02 1.121593161206082545e+00 2.400704911725354829e-01 7.996848383681778305e-01 4.300381141201382595e-01 8.996369617950093767e-02
4.144061412819036727e-01 7.567600542794165885e-02 1.768961132730551555e-01 1.675350067491687134e-01 9.568923139277686618e-02 4.891103497024206215e-01 4.906635280006820671e-02 1.071302397566323172e+00 2.706770698705698308e+00 1.469901404860087524e-01
2.612496629108518875e-01 5.747467897712320306e-02 1.542234729084517086e+00 7.204143061195969477e-02 1.938664063104279800e-01 3.853233811666242348e-01 9.810864648684325395e-02 3.812383572951095756e-01 6.157669901038735905e-01 1.153369087424182260e-01
2.375724508455077932e-01 4.996692308104697805e-02 9.908790817197596357e-02 3.513030860339190486e-02 2.365896477077057136e-01 7.689037229473448809e-01 4.785551951361270706e-02 8.534216012056716760e-01 1.191082636692732510e+00 7.821896604151207244e-01
1.902167755604565191e-01 9.059983327939601094e-02 1.570215077507010726e+00 5.827071194982850338e-02 2.823158242694204234e-02 7.967198005016675744e-01 4.404569806789060404e-02 1.985340231405927636e+00 5.836916675208788652e-01 1.436367205737638375e-01
3.115975124876390057e-01 1.100185071593839520e-01 1.071086986340217678e-01 3.762699203738235215e-02 6.850164232349398308e-02 5.241909649969771490e-01 2.742276997440787345e-02 2.861012116671894034e+00 2.426001975807928535e+00 1.028465879558161655e-01
8.684853681479798304e-02 1.525332088401670505e-01 1.483042295354841944e-01 2.291870403382593735e-01 6.713139851987057205e-02 8.051306938653326473e-01 5.012318782528719929e-02 1.876167245033343089e+00 1.442901470788235718e+00 3.611535159480688262e-01
1.304577304166322782e-01 5.022745545749929263e-02 3.392746046386818093e-01 7.084457515132294714e-02 2.750246248715494390e-01 8.673174383261672560e-01 4.851986410772733682e-02 1.168917439498261768e+00 5.211935443289567038e-01 8.502229911804194407e-01
1.393603001584375889e-01 7.708060506438420278e-02 1.656333257211803911e+00 1.815608763435047623e-01 2.212938868618448129e-01 2.755201013151748479e-01 2.679811107073982665e-02 7.657173598903548317e-01 6.663588257260553149e-01 1.270346801906751255e-01
6.100924658068727080e-01 8.365686903378560801e-02 4.684497686423989005e-01 7.107878876782017241e-02 1.320040053680734682e-01 7.212666955109759970e-01 2.617386003731025229e-02 9.466143634428674236e-01 1.157487109710784168e+00 1.611636081221509142e-01
4.457697256198324132e-01 3.555705280587089651e-02 5.040745167747312516e-01 6.710420416094693696e-02 1.837642414029603544e-01 9.920591395991488204e-01 7.093423904204818053e-02 1.220872377023433097e+00 3.639854330093010848e-01 1.597710542354976171e-01
1.259188052757398979e-01 4.029530412821472757e-02 6.144171002708824492e-02 4.902855321312608178e-02 2.807681188121582960e-01 1.153173006420666669e+00 2.655600012228350251e-02 4.003060187974543105e-01 1.293136553117028464e+00 7.909393527182735362e-01
1.095889823332939772e-01 5.814815796051329283e-02 1.037486096395873636e+00 2.145595610644375761e-01 9.904205449281575091e-02 4.326757321105933474e-01 5.092936820614405585e-02 2.607730355204928241e+00 1.257102092080980560e+00 2.490384695317802988e-01
1.203746389364452468e-01 2.437610191644038610e-02 4.255466534723185701e-01 2.414281186244381650e-01 1.815480516326177796e-01 7.531172460661964552e-01 1.272376811125759954e-01 2.972645853822678763e+00 3.082124256575901056e-01 1.971632024977638675e-01
1.401018359237537481e-01 5.836144699308291883e-02 1.457058227478624346e+00 6.379281549544899010e-02 1.879915875360050614e-01 4.083133433258562262e-01 8.143313289073858541e-02 4.616658612772671089e-01 1.209523457388367973e+00 8.025796561922371453e-02
2.722158747111060317e-01 6.496732030840807193e-02 4.114337750458574305e-01 1.009327952938936512e-01 2.079176210098743205e-01 7.870218460794022874e-01 1.315825818514845293e-02 5.160301618112284050e-01 1.543170185503637937e+00 2.611939218567427834e-01
9.434722030331145481e-02 3.464377379367845899e-02 7.317910563812948244e-01 2.741995165081169139e-01 2.392501610294112679e-01 1.718928798137611680e-01 3.939888839888007477e-02 4.981100384094626632e-01 7.384953985791360420e-01 6.050348447752944558e-01
1.321944824087607773e-01 4.492311675248435165e-02 1.636623468581263507e+00 7.619932610247454052e-02 3.399274489180955094e-01 2.685755371652498447e-01 2.016726262907314257e-02 6.130627213810090348e-01 6.256135118486154667e-01 1.269380238276301698e-01
8.876916328288216029e-02 4.467459113789062908e-02 1.425165524411212692e+00 6.788372457758878875e-02 2.192081941050651461e-01 2.134244831395549213e-01 4.104503903805455794e-02 3.313562926566920863e-01 5.119915654206155242e-01 9.612251603005214640e-02
2.399915707774915585e-01 3.904942430405152626e-02 2.598217905464029753e-01 7.499054075442843081e-02 3.572571194646002590e-01 5.407657727050856344e-01 1.897299805697664349e-02 4.436892600339366055e-01 4.541571944446543552e-01 5.930376357278617228e-01
1.023431612533252932e-01 1.500036263289265814e-01 8.674627469651327583e-02 2.116033810438515128e-01 8.264973852094339990e-02 1.558861636612799417e-01 1.563021007556479255e-02 1.736089278976370220e+00 1.469286264419373378e+00 7.267171358549905369e-01
4.304223283444235659e-01 1.321522677487512419e-02 5.939712312766677327e-01 1.550679660122515624e-01 2.890007967455502369e-01 2.200077472502229292e-01 2.148801019129532863e-02 1.260416837154495706e+00 1.875827744120546869e+00 1.747851053923449582e-01
1.207687501439661942e-01 6.020087407797799356e-02 5.465906413028002175e-01 4.463782918748364359e-02 6.557699271302701305e-02 5.720624968705939617e-01 1.864922901253138546e-02 2.988305090636433348e-01 3.819514457428661469e+00 3.646067450649855823e-01
1.572240220644504638e-01 5.862365490752894509e-02 3.993769256472149420e-01 7.429800046647005995e-02 2.224155934522034916e-01 4.508677875915185207e-01 2.456233393729984615e-01 1.386012684972176556e+00 3.729517061855501803e-01 2.954616164449485605e-01
3.617263489494376150e-01 5.268451605260447007e-02 1.171413586296972120e-01 1.181279761263671624e-01 1.714465280901567579e-01 3.693310205714769867e-01 9.884766306632637722e-02 7.461525330884477558e-01 1.817439002297371431e+00 2.664179277549784119e-01
4.535315706423061893e-02 2.354203756896187244e-02 2.988548834057632719e-01 9.536156694442657344e-02 1.366667472835800257e-01 1.255508240217655613e+00 1.220047459228525699e-01 1.911282741487819958e+00 9.980192147709028294e-01 4.085610877912607686e-01
3.580361591750095274e-01 8.624390614532337351e-02 4.022846071642365295e-01 3.808231914260355733e-02 4.074581544662033150e-01 4.944293043371429386e-01 3.057552396548763804e-02 4.792925530882869434e-01 1.161966976499412052e+00 1.459567466246352307e-01
3.200222483115706673e-01 3.018685867276834495e-02 2.890849482307985552e-01 1.104693108580729055e-01 2.962897475163870920e-01 7.980724000218593073e-01 4.315900073917670887e-02 1.856976329657823721e-01 1.054384820085427554e+00 3.859971055896838088e-01
2.385145832004595401e-01 2.460435012211120986e-01 5.355232119075882258e-01 6.199660990129068905e-02 3.919083267721141239e-01 2.624073093497857889e-01 2.994009086795510963e-02 4.553607903428465997e-01 8.052527501080319894e-01 1.150345666399926331e-01
2.032370252579182579e-01 1.211774274111116975e-02 7.802589553178630455e-01 7.816771482121584458e-02 1.453979805947560044e-01 3.118426377081195411e-01 3.512255521938596053e-02 1.144693691302535399e+00 1.164032665220096296e+00 5.909211457965474201e-01
2.510813847395590992e-01 1.208351692131647281e-01 4.845931128578791491e-01 1.879317367654547155e-01 7.294475123121582638e-02 4.590653773529209114e-01 1.304024051992112333e-02 2.989275623742064347e+00 1.293967997341208154e+00 1.329974890573495661e-01
2.078037234461164451e-01 3.697070327509416332e-02 1.297644465021728255e+00 1.637696053012423769e-01 1.053571898256048939e-01 3.530551397796447555e-01 2.179216427712587362e-02 9.590957239851674032e-01 7.017496604355051293e-01 3.994868572561953712e-01
3.367310414023830245e-01 5.800223277709524311e-02 1.234905513194172633e+00 7.757269175822807672e-02 2.537875156532504173e-01 6.243402383810926493e-01 3.107308187502082902e-02 5.941722801990508840e-01 7.394391199791128244e-01 2.543702839650438530e-01
3.886033070215614837e-01 4.352471252839915788e-02 4.056660525650812588e-01 7.333577519793166299e-02 2.802064798837818338e-01 1.019652052209022219e+00 1.881741215543326906e-02 7.812847545204580912e-01 5.981345362262596721e-01 2.839332327294111780e-01
2.263750672052188551e-01 8.134488336164866218e-02 2.541862907607976840e-01 2.633405097028185954e-02 8.242070016525669673e-02 2.684294204611771817e-01 8.555257378499270260e-02 2.302259767142728286e+00 6.911716359109608687e-01 4.585426848894980090e-01
1.526839240484045290e-01 2.479155325872124394e-01 9.942771413815636172e-02 1.849624706774646021e-01 1.164699465817154583e-01 1.975900336849270689e+00 4.167233773840851863e-02 4.480054903203856687e-01 4.740004602343151907e-01 1.817616350083871568e-01
6.532571295734593275e-02 1.304289935652276078e-01 1.068329809416556919e-01 5.149782599708817299e-02 5.116761666445305279e-01 5.864710141462834425e-01 4.043033034826881700e-02 5.694420626241950556e-01 9.214227765201021825e-01 2.933256383485912111e-01
4.724278488173193624e-01 1.709015614896238211e-01 1.745496159160923599e-01 1.725429584827692098e-01 1.182748969368919711e-01 6.830348077061534351e-01 5.089766927336299845e-02 1.800414689519564682e-01 3.673589613449605995e-01 9.797334405671029312e-02
1.027149738226319914e-01 1.389534626897604222e-02 1.719346737255153246e-01 5.341270885059328233e-01 2.077309092854500161e-01 1.799967757449138506e-01 6.601475173343700209e-02 9.635267270099120429e-01 3.840525832646884408e-01 2.218257438896155398e-01
5.943197530625815572e-02 2.323557229130926438e-01 2.328447903695819721e-01 1.943924966595547144e-01 8.436839207633736737e-02 1.627743442343593805e-01 1.791276438756419370e-02 1.918120944780240977e+00 1.719715961423227579e+00 4.894434169716299077e-01
3.410475545666406538e-01 3.917133135101823205e-02 1.387566447608093723e-01 2.774597999783182112e-01 3.758824784120014251e-02 4.265237667657927334e-01 5.972522859482645025e-02 1.259664872161600613e+00 8.702835913812805302e-01 7.011864772125948608e-01
6.734997970178926985e-02 2.096087556166457699e-01 2.011767048589541973e-01 7.858500421799269331e-02 5.681715895639723179e-02 9.840818350878069443e-02 2.011980076183086247e-02 4.176552265846005696e+00 8.175805625300249790e-01 1.657559827009316145e-01
9.781220940394197427e-02 6.324252900255307452e-02 1.477071780793692835e-01 3.704756066159908823e-02 1.056217957970843058e-01 1.720641377832196284e+00 2.811422098234237638e-02 1.332431528159006895e+00 7.206262363303267415e-01 5.719576124142967677e-01
2.274669754089355123e-01 1.106862328316737115e-01 2.997860256773664522e-01 5.309421601743961883e-02 5.349315088873717039e-02 1.064887101006231740e+00 3.795994341921608145e-02 8.608165538280918572e-01 3.994350133125060820e-01 7.589265050092015574e-01
9.668809176115840398e-02 1.457632924701916799e-01 3.377374454376809720e-01 6.399272280297657600e-02 1.620532378330940271e-01 4.373890255427278495e-01 3.661481239966251494e-02 7.625671892596523893e-01 8.445191277138970332e-01 9.015088046823593881e-01
7.834428716042238228e-02 9.025715922377488751e-03 1.768667194967926126e-01 4.598202391741547379e-02 2.205093029213196498e-01 9.152707854223374184e-01 1.953048109958133438e-01 3.492263235918690034e-01 6.794910012484585149e-01 2.697243693423826416e-01
4.924838138731999632e-02 6.496758695080194490e-02 1.192170208486258431e+00 4.758181795199157432e-02 1.893645382725805681e-01 6.964464475744929217e-01 9.796166746513187973e-02 1.216145899869767621e+00 1.325163634265946078e+00 2.556606000566878922e-01
2.077614898932785281e-01 2.860625994771910305e-02 4.354278310708160626e-01 1.327133225345751844e-01 1.617197049894363858e-01 6.696559013858357501e-01 3.653863846676989879e-02 1.565888369798484447e+00 7.581858792062209362e-01 7.926850044444233578e-01
5.904263336771611304e-01 5.198540347183935179e-02 5.806064856510735339e-01 6.506208894752438243e-02 2.156103229010269684e-01 2.633160883955338316e-01 1.519824547854111731e-02 1.086285494014095354e+00 4.312726318035643436e-01 1.845876493311136846e-01
2.733770486223918161e-01 4.364124728140657966e-02 4.993935578104292117e-01 1.118953063216192589e-01 3.689907405283300856e-01 6.469237174357889142e-01 1.818012992610269773e-02 2.691218296867543103e+00 1.212831175499963499e-01 2.541171698127030476e-01
7.796769022798707982e-02 7.010696722083500920e-02 4.649270783966100717e-01 3.454575235242718367e-02 4.091361544082254831e-01 1.063455808711991191e+00 1.294088372168654133e-01 8.725661744548680598e-01 3.005283062168894737e-01 8.479477325958219291e-02
1.177537765427058292e-01 1.101120631174049846e-01 2.522668651675795126e-01 6.890944181995008189e-02 1.994740103205164539e-01 7.866035649465250579e-01 4.443111794029466766e-02 5.634718856908473850e-01 2.235748720507081622e+00 3.061457501176604312e-01
3.599030854004091617e-01 3.968473748963470549e-02 6.981701290866519916e-01 2.750239937280601898e-02 3.244158134512673541e-01 1.402252481505610771e+00 2.974008242554216502e-02 3.066185222033325775e-01 3.840056640919450870e-01 1.812975654618713683e-01
2.141671194702340075e-01 1.113364368422248285e-01 5.493664077939972717e-02 6.250323396948767596e-02 5.740900774249795280e-01 8.320204607406985753e-01 4.108272856563442710e-02 2.389272746276737358e+00 3.903145093913378827e-01 1.428318657170876971e-01
3.057052861320480597e-01 2.609380184388836524e-02 2.175307457242194042e-01 1.485953578290185109e-02 4.692198012489804393e-01 5.635040189019637769e-01 2.260259371829194744e-02 1.800203499656821027e+00 1.119242843892960249e+00 9.145929388194681819e-02
4.529620399203022063e-01 6.178638870300372232e-02 2.959399708946352514e-01 4.587039419424688430e-02 1.536075430482534698e-01 8.235868079824169019e-01 7.879999310906549148e-02 7.233821935867292829e-01 1.581477671167891064e+00 7.206301704843928735e-02
7.172370037807868082e-02 9.779198086099047393e-02 2.513225281300375813e-01 2.907366947474541718e-01 3.044988772456332371e-01 5.166591487824975237e-01 1.718198747028469933e-02 3.054570716783768347e+00 1.026471931272385785e+00 9.269324983165629084e-02
2.557024602691863047e-01 1.766753542613975700e-02 2.873423978156875447e-01 5.565875941600455235e-02 4.218321539707354795e-01 2.597364063414301927e-01 3.742050140493938942e-02 3.712231123691446477e+00 4.655920386516022580e-01 4.564543278018568517e-01
3.752272523864133014e-01 3.746503212915709008e-02 1.763878876248906324e-01 1.059536895769327136e-01 4.175241324719825703e-02 4.695874594991544804e-01 1.123685049468988312e-01 1.056415634312212637e+00 2.261017671737859835e+00 4.306434811460310152e-01
1.163698900685226911e-01 5.912500049623333614e-02 1.000624718707573857e+00 9.866682694110520679e-02 8.500872412368308539e-02 9.242881945953749234e-01 2.079924302588683632e-02 2.468663745420852096e-01 2.117066169514369434e-01 3.922431220435630417e-01
2.310651313964320885e-01 4.794096466419325159e-02 6.447108320993756303e-01 2.232019322232968450e-01 1.223353488169866832e-01 2.909341552976103529e-01 3.163013823146466896e-02 6.556316177652372623e-01 9.404851055096428158e-01 7.995023735333657289e-01
1.210936946046543145e-01 1.930712394142973867e-02 1.491762656262122677e+00 4.645628484108092066e-02 1.679760616481225932e-01 1.764208755720738653e-01 2.142162238834175586e-02 1.891037741619139512e+00 1.787233440565471954e+00 1.576862853085215788e-01
1.318631789456861381e-01 3.353948067735661176e-02 9.482416263877448126e-02 9.011899785541530039e-02 6.397535629656009304e-01 7.589091667337193314e-01 3.484206230931498338e-02 2.177729690708197552e+00 5.469529873031631073e-01 1.285058726988237698e-01
1.296858643059173311e-01 1.971516267476823292e-01 2.029259156549196863e-01 1.877350053799828333e-01 2.838381693992626451e-02 5.332208746102218289e-01 4.416279640600907774e-02 5.340829237735086998e+00 2.778702804895271106e-01 1.882671512827950866e-01
5.246849476272869017e-02 2.176595701968350033e-02 2.702704748382819266e-01 1.933875015521513696e-01 6.720978933851021186e-02 1.315702794778774720e+00 2.159751143580777855e-02 2.076595176501044637e+00 4.015160987702646733e-01 8.276424864667889514e-01
2.085354510786724125e-01 2.228343590848491998e-02 4.115587378555378706e-01 1.600922892951925081e-01 6.432307399171464934e-02 7.673747926951222098e-01 1.102861612020813176e-01 3.256675356106106811e+00 7.978536604394621534e-01 1.801555580141161739e-01
2.307695288233543862e-01 2.170273978998607523e-01 9.276504146370712078e-01 8.705318085882858548e-02 1.661096897249083049e-01 4.334189565162367974e-01 3.774668650747357163e-02 1.299104909943441966e+00 6.050393052932782068e-01 1.435163409122489631e-01
1.563091208964691448e-01 9.839252071662024646e-02 1.275233505860201011e-01 5.215206412753810999e-02 6.005621915915219100e-01 8.770951579747642279e-01 3.066237849391179743e-02 3.580052521725760606e-01 8.832356356042252443e-01 2.826992929788025299e-01
1.364371186241090383e-01 1.531672535770537968e-01 7.879540294038881454e-01 2.676177704272009877e-02 2.679986623495135278e-01 1.114998246464235621e+00 2.296747474768747951e-02 1.410623892888508646e+00 1.562923404655339299e+00 1.466913294197282613e-01
3.760912037624588034e-01 2.988363480796698418e-02 1.655739288847667134e-01 2.074987681084567159e-01 8.050953920035811007e-02 1.103536357644966603e+00 5.659421654688391590e-02 5.243017097961655271e-01 7.551652320200128443e-01 5.667354661686774264e-01
3.905336656995997413e-01 5.378485274506022984e-02 4.573355694622162626e-01 7.616697616040543628e-02 4.153087077151100537e-02 1.384745567568921865e-01 1.324017838393805324e-01 5.029972290499623577e-01 5.617499915698910273e-01 5.903294047509664022e-01
5.172776765937917576e-01 9.550100760414725887e-02 4.420036512815211371e-01 4.182292425557845167e-02 6.888242198330349342e-02 4.655320796082335066e-01 2.470179201757188511e-02 3.870046218826143081e-01 3.831093024801235369e-01 7.706241529781217015e-01
1.915199221682305775e-01 3.683011641754858206e-02 1.498630936701884075e-01 4.368438921238495531e-01 1.094870437610532682e-01 9.180256136475943574e-02 1.529584459966770726e-02 1.724458504555586247e+00 1.820991289235626143e+00 4.531395304105660382e-01
4.691601151157718808e-01 4.613003864183302938e-02 1.989415440183368022e-01 8.881994444342121431e-02 5.141938890491155878e-02 7.123223825878686188e-01 5.230237382296722137e-02 9.199263134747470705e-01 2.218695772963542812e+00 2.276871403782083081e-01
3.527221492949256243e-01 3.133991766509450216e-02 4.115690401606239557e-01 7.608543528197882211e-02 7.428795329333973130e-02 2.736299749696284866e-01 1.870388411676936549e-02 3.990100552236970799e+00 2.545311135694299787e-01 6.265470794940573018e-01
2.764646944676967255e-01 7.652385983338709508e-02 3.311103170491574987e-01 3.713633315940333829e-02 2.034473987617106128e-01 1.129752961538009526e+00 3.590235702898376957e-02 2.975321375299818660e-01 3.873266298731773416e-01 2.314635783674413028e-01
2.508463688910819722e-01 1.073212138009435879e-01 7.643281580919498996e-02 3.311273417074476755e-01 1.803769741641175484e-01 1.364312377665273690e+00 3.028877435471937288e-02 3.449386018610393623e-01 9.282630908078430831e-01 1.796181575755100568e-01
1.416230132576631884e-01 6.985624188948845459e-02 9.977919698925106218e-01 6.715662025721716444e-02 2.119888358994907185e-01 1.454864586959018213e-01 2.158113668135094865e-02 1.698143905310072865e+00 3.044124429166195522e+00 1.169072524581475231e-01
4.796327960237903865e-01 2.696737390513225321e-02 1.175081568430728751e+00 2.409653489268699308e-02 3.524944267694475608e-02 8.775576932300941380e-01 2.991646962481833011e-02 2.189335914506767899e+00 3.247699048693167834e-01 1.882734363127649968e-01
1.573258425515099423e-01 9.657031879128148699e-02 1.560356484055771820e-01 2.339720749065466454e-01 4.540639637925398264e-01 1.123566893510556497e+00 2.152959158898189868e-02 1.054460529359975141e+00 8.354913538276921292e-01 8.583924340909096506e-02
2.892426752333323581e-01 2.210450771665396774e-02 8.345228879058124161e-01 2.883061221758373427e-01 1.819176100670011897e-01 3.367576887754160087e-01 3.937795731775489000e-02 1.083188605207824562e+00 9.565478632702614226e-01 3.628609947737337915e-01
5.688825230400593735e-01 2.377675727854541496e-02 3.308983002654707350e-01 7.659903432284481672e-02 1.502151715410177391e-01 5.001423727289091570e-01 6.185189624971722949e-02 8.541646673443261673e-01 1.943211471099225873e+00 1.076101267659822225e-01
2.413781476580419694e-01 5.597851268800666663e-02 1.264236053154968453e-01 9.809110653729605223e-02 2.263588903571046029e-01 1.362026269122541988e+00 8.378410175941827798e-02 9.791371252719871521e-01 9.983738772846004750e-01 1.604036220321757855e-01
5.641690557251147764e-01 3.393800131169553980e-02 4.709804001214655811e-01 4.693336009700586897e-02 9.706426961200853576e-02 1.044430773757355935e+00 6.705410681106226123e-02 3.746069258078080777e-01 4.174396453558041342e-01 1.667908090415626821e-01
2.171027384072451993e-01 6.416722769455908415e-02 3.689668726677234334e-01 5.770627016343908566e-02 9.060432871156737233e-02 5.665580815466275677e-01 1.915702344759027675e-01 7.548515471891737993e-01 2.139537100946808379e-01 1.730840232911912691e-01
7.485828013159981364e-02 2.757475596899284717e-02 2.575295535875477548e-01 2.784756768555389853e-02 2.384002539922330521e-01 3.448551182635551382e-01 2.226485832462868630e-01 4.823880412835921949e-01 7.789915959944792023e-01 5.356747241758472722e-01
1.417151698977644481e-01 1.971301304255674777e-02 6.365185065954758192e-01 1.922243229713878898e-01 1.527735940749370969e-01 1.197761565603606693e+00 4.979132172329457651e-02 7.238055127779461362e-01 1.626425447878750763e+00 1.242706552087352312e-01
3.192579766299542543e-01 1.664861567805325099e-02 4.147809736826131299e-01 1.248908966457043662e-01 9.200379361738959816e-02 3.675767400281369501e-01 1.798610871495310293e-01 1.897590455477411897e+00 1.043783394772102691e+00 8.515372434022959458e-02
6.835720965660530002e-01 4.441767259610975016e-02 2.153279216395411200e-01 3.625124381738266399e-02 8.312960541341948839e-02 1.855325514799665565e-01 6.839346729392584145e-02 8.069967681329494047e-01 6.727952338788741882e-01 3.260440550340544807e-01
3.189186925027770458e-01 2.195751357247381977e-02 3.893863866554326814e-01 7.040217237324510047e-02 1.129199597268189387e-01 1.862923367858737134e+00 8.936481447112711030e-02 6.484428665224195587e-01 4.742687932220020497e-01 1.506669278159124825e-01
2.606370899603346891e-01 3.396078020492334509e-02 2.670226900536654679e-01 2.448353432569501664e-01 1.804319013949107764e-01 3.788544518402791050e-01 5.945481137933239513e-02 4.614857625117041451e-01 2.118858101270364447e+00 2.820306704233693229e-01
6.012048973645841565e-01 2.299809450683325956e-02 8.866942941331004691e-02 1.455189638849755940e-01 5.733884002182663281e-02 7.657677666666957705e-01 4.649455633627970486e-02 1.093598326642183149e+00 2.070960164196365305e+00 1.125266656130013698e-01
2.596823572856035711e-01 1.062396767792471303e-01 4.167295369724192122e-01 3.030405173503313287e-01 1.852450934936949456e-01 2.226689061839400574e-01 3.035627973606826527e-02 1.548888155682989431e+00 7.094050539709995107e-01 1.888680315996929537e-01
9.462024001885441238e-02 1.882867104553659632e-01 8.325542120274708191e-01 1.632087293063330391e-01 1.401499469232440342e-01 4.954985401699482095e-01 2.864779815513686032e-02 3.091645699727754604e+00 2.787505044010437638e-01 2.255679930437022862e-01
9.641992058360507323e-02 6.787112832076921953e-02 1.212512463007988928e-01 3.757285612915255146e-02 5.227125418896193254e-02 8.771935414296750944e-01 2.748294126139836854e-02 2.118987285388521435e+00 1.034789270493315261e+00 8.750655146810100149e-01
3.546701402023259148e-02 1.054200246957945619e-01 1.781156843541377710e-01 4.393864151952772690e-02 5.004484873192305283e-02 1.049308762796207883e+00 1.930362723448577483e-02 1.378623682454800825e+00 1.903676642474624758e+00 7.754522698152899185e-01
1.090289932681283991e-01 2.558411890130431882e-02 5.051644928361918030e-01 2.250243847956372445e-01 5.933643282714456957e-02 8.857966668725633652e-02 1.260066551753426245e-01 2.198468210654162647e+00 2.138776861688430397e+00 3.823283995849063310e-01
4.553483355078941086e-01 1.496030851971265341e-01 4.811201181712848052e-01 1.281899067826761107e-01 1.045926805619290800e-01 2.693395597169327971e-01 4.523043292626739015e-02 4.451150611963705650e-01 1.748296029129110307e+00 1.469605727211557022e-01
2.663808129503673627e-01 6.334513037100655830e-02 2.600157514494010336e-01 1.075190748507471039e-01 2.523014233793371419e-01 7.688105332977327455e-01 2.513158314275523025e-02 7.642686108686495006e-01 3.460958567368875305e-01 5.340855072339267817e-01
3.722065068333997306e-01 3.601112215790765181e-02 1.523996327368172532e-01 1.052426899607280947e-01 2.159468854111655511e-01 8.114771903601087910e-01 3.663245767442695200e-02 3.890398560407583028e-01 2.383731926634331533e+00 6.754625958574027311e-02
8.693922882175071642e-02 1.555146258932257365e-02 1.998063057452296176e-01 2.346883577806186116e-01 2.209504246409165762e-01 2.698801891016557319e-01 1.683296786512415710e-02 2.829331734263444087e+00 1.508224539705217415e+00 4.091620729790900191e-01
1.625541938567766631e-01 3.211126247797459199e-02 1.011536182538380846e+00 2.025255489725717450e-01 7.862778764312719493e-02 1.282217558135703595e+00 3.457885535237571750e-02 2.832153927304857266e+00 5.353072915345186145e-01 1.746316426465275018e-01
2.541207915352932667e-01 9.383460344648637819e-02 1.882685821297205575e-01 1.053176927840873967e-01 6.225037912344026925e-01 6.883465950500562425e-01 3.321049509720415405e-02 1.547993626509377219e+00 5.299109414465190682e-01 1.604482186745742056e-01
4.889826980465808437e-01 1.196560083086507104e-01 8.772767443811255172e-02 6.894711961144187051e-02 3.640393409794155377e-01 4.339127012260797223e-01 3.803200568344609900e-02 9.687696856046315030e-01 1.110508391664899674e+00 1.764771897054490668e-01
2.588580572364676535e-01 2.881965281518457031e-02 2.846971805127632149e-01 4.199960971420370337e-02 8.143925133851917519e-02 6.261866623898142414e-01 7.198107263312440718e-02 2.399504467257760787e+00 1.483122392484353069e+00 5.789769013697186606e-02
