1.323994403192814584e+00 2.688422037050560709e-01 2.001889862908274309e-01 8.538614844981546881e-01 5.218041045255934762e-02 6.570332916981477811e-02 4.150977502276613496e-02 1.962966539127498911e-01 4.440743281731969749e-01 4.758847644646561070e-01
4.936954505185890518e+00 1.455118713260022734e+00 5.185875725792348234e-01 6.966370282353786525e-01 1.055318493593439405e-01 1.428569777347687454e-02 2.412744282038305488e-01 7.729870227050991138e-01 4.447226409579611017e-01 4.425719549708982958e-01
5.294226843755092560e+00 7.768225932563319613e-01 9.303727086891985798e-02 2.100001359749207874e-01 3.731847855997301455e-02 2.925335233547690650e-01 4.434703353029928463e-01 4.742095979376276804e-01 1.215075417791912304e+00 4.731178770851497406e-01
8.137494530379177249e+00 1.135997655827379466e-01 9.616420240655181029e-02 1.315631348612958718e+00 4.987530770273755631e-02 2.730178412050456721e-02 1.040312285870809150e-01 9.767733353254114126e-02 4.891322718687303173e-01 1.892667344193473267e-01
3.299178817030463673e+00 1.539180394482859704e+00 4.799855513401333762e-01 1.036962190894878677e-01 3.144396834281538711e-01 4.089601490776471893e-02 1.498159864897505300e-01 1.113085606337874678e-01 8.145705243633809545e-01 1.112820994561552368e+00
5.320487947029814979e-01 2.093267335882441349e-01 1.499223453104444048e-01 1.447319506637300968e-01 1.489279776013437973e-01 3.240156162304023979e-02 5.939957223922441576e-02 3.440165762206649491e-01 2.479329563857561314e-01 9.128241405240319906e-02
3.261835008462298235e-01 2.468962292498683708e-01 3.077633873255264940e-01 5.445602213825813387e-02 6.105798421885052368e-02 4.998063766247588802e-02 5.873719677880527568e-02 1.199122464115815745e-01 1.675383696090727015e-01 5.658708745831494275e-02
6.756186258846656578e+00 1.529496823750391865e+00 1.146187131778082097e-01 4.416586505710218269e-01 2.094145710493221929e-02 5.052282679047631619e-02 4.820822895196624769e-02 4.974041585072940252e-01 8.662857336519426132e-01 8.211929287246880205e-02
3.718064450228087958e-01 1.365595298588977990e-01 6.098110892277948392e-02 1.000870243376897617e-01 2.486337719306786764e-01 5.442378004393100266e-02 1.408915586005621834e-01 1.263235205688716112e-01 1.038498661781049659e+00 6.280897060941706411e-02
3.650580755596686267e+00 2.364449939257524669e-01 9.111857885573783344e-02 3.577725740856622094e-01 2.540900753291405745e-02 1.293672760091545970e-01 2.993591209898982530e-01 1.725806835890723590e-01 1.924892334274126870e+00 3.495925343171085165e-01
2.333495668883339924e+00 4.517519549499434683e-01 9.141343863838989614e-02 3.305197307015732555e-01 6.549981084483050275e-02 1.055896024990986629e-02 3.096371613053606753e-01 8.910981252288083243e-02 1.854880158311603466e+00 9.680650161016310373e-02
1.430955866255239073e-01 8.198143991801061514e-02 4.151536005392250650e-02 5.814780374758217463e-02 5.624919113474663446e-02 2.274901008691058296e-02 2.638057553862226470e-02 4.367858284809344321e-02 8.721737575208309001e-02 1.240117589322337413e-02
5.576385980267803966e+00 1.063990134998379772e-01 5.813920648328397833e-01 5.313030943354893898e-01 1.586966705572441794e-01 3.091905783610543468e-01 3.732039109004600674e-01 5.546065004677905863e-01 1.342170018582577451e-01 9.775404851172039833e-02
7.088911025671881028e+00 9.054375334591411306e-01 8.864534708089297221e-02 3.175676197905151765e-01 1.015063100853885458e-01 2.112865572132552675e-02 3.821058415654113999e-02 3.358170405389518387e-01 3.301797260355318619e-01 7.596329227779379245e-01
1.227358643611945244e+00 9.347143059063730552e-01 6.714321286169686043e-02 1.124466265801100234e-01 1.355801782021894830e-01 4.423252054899279306e-01 9.036295990401162215e-02 9.211079517869036337e-01 1.747654808936632609e+00 4.383051281135764699e-01
1.701521956093328680e-01 3.269195317643125986e-01 3.977752494033449243e-02 2.621901458966171550e-01 4.274488545629313851e-02 2.668453161791901201e-02 3.064280407054406630e-01 6.443254919263093072e-02 2.127540118959671267e-01 4.359188433577377425e-02
2.410477905547124544e-01 8.956536381544914771e-02 5.123341881168660267e-02 4.514219004292820137e-02 1.894445752853424481e-01 4.609765397126259351e-02 4.409983519920437217e-02 7.341417492788711308e-02 4.980415921857922479e-01 6.579093018259402070e-02
6.172147667668886228e+00 1.417276114713674984e+00 5.466234402365969386e-02 2.502697295990001236e-01 3.410419004319532876e-02 3.450455247402386960e-01 3.163456857196271232e-01 2.812324369867884588e-01 8.981881934591446903e-01 2.187760220911751374e-01
2.396863227364660176e+00 3.232205690549558308e-01 3.746719946308756932e-01 4.736745748283531232e-01 6.478895762650741519e-01 4.764822729212550567e-02 1.195663872805598632e-01 2.102745107803717650e-01 1.222472294858832909e+00 5.673072764777791210e-01
1.206729183685370188e+00 8.999505768977185127e-01 9.932452085201154413e-01 7.455514669523198579e-02 3.685777795480695007e-02 1.912275308802495188e-01 2.832215262495635377e-01 1.049661590495103852e-01 3.719709525012743212e-01 3.398813144311178536e-01
6.266836035354994117e+00 6.165128085210410669e-01 6.604738812466165454e-02 6.073563409260759327e-01 5.322712139500056228e-02 4.487349895551202006e-01 5.063031973008778053e-01 1.277747944080148135e-01 2.412410995155573890e-01 2.983417231453808216e-01
4.543399637732480900e-01 1.758281470985989248e-01 1.347650674634192358e-01 1.196797720188595149e-01 3.816966445196004476e-01 3.445635233983758428e-02 7.192748392857159501e-02 9.426996820361513429e-02 1.012693682471634604e+00 1.938424499389539146e-01
3.158502215129305735e-01 8.833619667182970869e-02 5.667234149092827133e-02 8.003959029802205916e-02 1.865562126229637074e-01 1.669861910957050680e-02 7.498267082762580249e-02 7.076401435686674457e-02 7.944631804961502786e-01 1.553230793135845500e-01
7.739460938832294801e+00 7.090127018913746637e-01 7.279207671991461126e-02 1.648923053018791218e-01 9.886003914501081957e-02 2.414312070716686034e-02 1.009026333821219090e-01 3.769493903137216551e-01 1.734486782115431946e-01 8.832047363496892123e-01
8.084497870681760290e+00 8.813598154424051589e-01 4.797169902880662334e-02 1.339649483211425296e-01 4.644597245779297223e-02 4.329262459009766001e-02 2.958502068419778808e-01 4.318688124650472138e-01 2.253716375864068255e-01 8.613399248606039560e-01
7.507037147236806263e+00 1.173849652355826390e+00 1.817573059371316302e-01 2.208375105342668121e-01 6.301108202544099257e-02 7.738442350796961855e-02 5.654518211750479001e-02 6.114267978008548488e-01 1.269443773574676082e-01 9.347723402182384067e-02
6.158864803095492668e+00 1.398151898067894638e+00 3.877876676052035426e-02 1.718445185935709996e-01 3.547373201244195112e-02 3.330480835316397270e-01 1.931595366295356109e-01 8.406922086346883816e-02 6.919588603487667466e-01 3.911537076408124758e-01
2.352899484425785115e+00 5.985269269741220199e-01 1.222612950501047041e-01 1.495738645072904327e-01 2.434739621734535453e-01 2.411194735222211422e-02 6.265390763503582428e-02 2.843143171681224435e-01 5.834714788123265133e-02 2.984521857726225511e-02
2.218930027305135777e+00 3.171054572073977451e-01 8.127263905394424559e-02 1.198759824514410155e-01 1.292730734416743521e-01 2.386984071203458180e-01 2.443384775820200971e-02 1.376227012840096353e-01 1.323020010270197888e+00 6.265449867339849266e-02
2.836125572597267386e+00 1.403152446297926792e+00 9.395213130899785492e-01 4.157915198061883366e-01 1.159943622012612474e-01 4.373136851126389890e-02 4.261042429704254841e-01 1.778159499226890372e-01 1.947557401493523188e-01 6.722948714589864760e-01
6.880363711985967079e+00 1.317458652782941275e+00 2.282508627326395589e-01 5.232074509915800586e-01 2.647884444036602281e-02 3.574714633925883678e-02 4.718915903946731272e-02 7.403579622836768959e-01 4.350314184035622977e-01 5.031996493854038605e-02
6.404145856792818670e+00 3.492681801377595097e-01 9.379861672173482601e-02 3.083524698208167103e-01 3.526180141862164663e-02 3.950809249768134912e-02 3.351396950836554867e-01 4.745951164073393125e-01 5.037184925497977250e-01 7.918543130532765817e-01
1.255332231297065226e-01 9.415346405409234787e-02 7.167299840036760183e-02 7.624663402363453246e-02 2.737832712211606817e-02 1.871004992151103705e-02 2.467110420222333456e-02 5.287247164461085502e-02 8.169333656907760977e-02 2.446549324920458540e-02
1.807255586048912122e+00 1.096778027257391541e-01 2.308799816277398997e-01 1.507917382393185179e-01 3.696457577830450369e-02 7.411275192306314430e-02 1.429342192672794776e-01 3.463374028464224486e-01 1.750532358279070166e+00 7.403505344615965433e-02
5.336818963936171833e+00 1.520643498619856038e+00 8.919402847305407667e-02 1.105076083796884268e-01 2.973712475979856107e-01 2.575617165825884111e-02 4.091861585813583169e-01 1.096201320088250331e-01 1.093414959872499370e+00 7.743712872361892263e-02
2.812357105151480630e-01 8.951964899027245459e-02 5.043518026282928224e-02 1.390870792857293592e-01 1.396901966256030581e-01 2.005188066091543805e-02 2.907615851052365238e-02 2.034705920828350223e-01 6.800195578017078635e-01 6.183966330836058317e-02
7.121423694898025403e+00 1.410462362904023381e+00 1.705635930880515516e-01 6.742785771706497622e-01 1.538215285075421601e-01 5.179466805408461383e-02 3.222428120353587611e-01 9.290764907977025477e-02 1.035817398221878793e+00 2.870740288650981409e-01
5.033803027077183856e+00 2.031454577112754123e+00 6.059582618534124776e-02 6.248088435151886305e-02 2.805807074576881568e-02 3.743880556919398223e-02 2.582008805119143102e-01 6.701444687287845259e-01 1.065966429318690567e+00 4.472975408159567401e-01
4.205998874799294462e+00 5.042111580408287219e-01 7.976182129860975856e-02 2.152111810180504126e+00 4.344194307496323376e-02 1.170449877045858650e-01 8.329207641809759366e-01 3.338690945577025282e-01 8.229877384435357879e-01 3.507245307038966420e-01
5.404253400659689177e+00 3.622644342552807650e-01 1.343958064923077844e-01 6.048837719245877542e-01 6.860253551694404928e-02 2.834796530073840221e-02 3.923481818062403148e-01 1.223167615393996766e+00 2.782602913717491799e-01 6.005720938884326898e-01
7.622532179959615739e+00 7.683508406021155590e-01 1.183072162077432876e-01 1.248293807114829734e-01 4.716057351602853664e-02 4.081122484660897054e-02 8.294124049215431671e-02 1.040559236229375156e-01 4.242911036631996646e-01 5.236599506667363180e-01
8.407669902358950509e+00 3.325228085824073476e-01 1.489372838811607314e-01 3.636418837787508407e-01 4.456095323161662208e-02 1.641806971596389275e-02 1.658151803884518327e-01 8.665881665666418099e-02 3.055938482987808902e-01 2.908286985915479184e-01
5.425838366906893029e+00 6.629054479751403939e-01 2.964227727866995954e-01 9.334157983983885909e-02 1.275208558836123662e-01 5.589969265050824532e-02 6.161361128712032620e-02 1.053898826539604039e-01 1.150224176904977247e+00 1.471336912674508224e-01
8.715245123135867189e+00 2.657427586530479724e-01 7.794577163166298561e-01 7.045577071999795660e-01 1.575107888380936072e-01 1.526753726274877876e-01 1.707976340995311371e-01 6.783490974255416139e-01 1.734718969949449741e-01 4.826426970998844157e-02
6.546181511152150634e+00 1.008958138061160303e+00 1.549785307287749325e-01 2.563718817312621301e-01 1.230902790585489404e-01 1.679884065890729916e-02 2.934634446348000081e-01 3.507177315676064944e-01 7.037530725621492511e-01 2.862509320433007654e-01
5.072073921466762059e+00 5.130372526707543956e-01 3.671232446702487051e-01 2.612940685672165975e-01 1.690081855100837582e-01 3.776496703555474316e-02 5.116349413793168655e-01 5.122824844040965164e-01 1.577049609233786231e+00 1.231051866000358042e-01
5.670063183865883261e-01 3.662377888897841993e-01 9.383943938680219810e-02 5.091517523656623467e-01 1.158041476043895346e-01 4.345405038307977030e-02 1.552395790168532574e-01 3.118400797003363367e-01 2.055199353087445169e-01 3.861414579293294125e-01
7.683512708133859448e+00 4.737587354175654686e-01 7.890614259771391859e-02 6.760440722394404911e-02 7.427217734631166857e-02 3.748742224923065636e-02 5.339547374620645659e-02 4.824712267571297508e-02 1.859531753102283691e-01 9.686333413521224234e-01
1.976733860867643244e+00 1.887565766313754612e-01 6.050134372713060482e-02 1.953093806128953502e-01 3.270360366284117970e-01 4.687141735954181154e-02 1.605538486698138423e-01 1.423803406855885523e-01 1.995014321529930412e-01 5.641990864924129045e-02
5.037624213597411416e-01 6.610654409036015311e-02 9.892105258082588282e-02 6.685902765769710654e-02 9.923006102557452301e-02 3.273810901079771823e-02 1.394022877337262323e-01 9.649947922588034133e-02 1.257835387607476318e-01 1.726785017874317707e-01
2.124659179381825691e+00 1.937829588998783992e-01 3.422943819037370661e-01 2.208949220927613477e-01 1.103742954463982490e-01 2.367337709920846675e-02 2.453745916407560068e-01 1.441169944064627784e-01 1.422086275306818082e-01 1.453938628588470894e-01
4.853289535379937902e+00 1.209475311140991299e-01 2.525553432726668213e-01 2.567052216362042394e-01 1.674273599414576041e-01 4.245386399171287989e-02 7.160358954133304588e-01 3.665405126313162065e-01 1.910819674788822642e+00 3.379641158933944789e-01
