7.895952708760431427e-02 6.531616106973859963e-03 1.853133823975142147e-01 -1.973145571147741882e-03 -1.905049528275183646e-01 8.840323602763826560e-01 5.667316718374039164e-01 2.827660402850991003e-02 -1.306844941200187848e-01 -2.229891888407552897e-02
-4.100650581988087885e-03 5.690343376904936079e-01 -3.464951329176947925e-01 1.723200439276613705e-01 -1.000408298415170344e-01 -1.710224518384372283e-01 7.273080114258667628e-02 5.167624622648723243e-01 5.336648473347982424e-02 6.688312499141650935e-01
2.078416160253659245e-02 -2.065531551106115395e-03 -1.074691514801473236e-01 1.017495839106312971e-01 -7.661984802504825387e-01 1.405500321435489489e-02 2.248997565572814425e-02 -5.174043623603261782e-02 1.109766701733840427e-01 -2.501143372457662745e-02
7.618714250136288113e-02 1.006813650005648209e-01 -1.017750954392662610e+00 1.889684342080765952e-02 -1.974903956450976550e-01 -7.506428332984346752e-02 1.043988452662755473e-01 -4.022428250609277889e-01 -6.936169068873741794e-02 6.781852876623120641e-02
1.125773615930924371e-01 -2.744078124274283020e-02 -1.659902130230531681e+00 6.000015487918800711e-02 3.189960000632736936e-02 7.621765616870398996e-02 5.410946491774131228e-01 -4.116618464848383757e-02 -8.649435219582655987e-02 -1.112615309601843600e-01
2.329629009316344992e-02 5.627335257861484225e-02 -4.821156752154849845e-01 4.998187642666437891e-02 -1.665709343519438113e-01 -1.683638966820709404e-01 7.205894152567098032e-02 5.253842242245889554e-02 5.893077030259026225e-03 3.150844316975696252e-02
1.832578312984746993e-01 -2.684186713756990181e-02 -9.880859931693000697e-02 4.991945668413849679e-03 1.390192196055715645e-01 -1.198697154014999811e+01 3.793382272156207713e-01 2.085508230275525676e-01 -3.677929381066168818e-02 1.419862048779866881e-01
4.200406340162652664e-03 -2.868918840424837177e-02 3.671530306495458806e-02 -5.590439419145740683e-03 5.149462832795951295e-01 5.401485005573469778e-03 -3.205891564278911393e-02 3.890030530557877370e-02 6.619777049728631235e-02 1.831441395118357145e-03
1.616207203510625773e-02 -4.441452269093969576e-03 -9.826890236698341066e-03 5.022892086067741631e-03 -2.118249825348383353e-01 7.345106374703888608e-02 -3.778283910743403338e-03 4.729139147555161404e-02 4.697597798336781635e-03 -1.956610160785850899e-02
-1.250458811680816087e-02 3.489274608948126355e-01 1.522840429391736639e-01 -6.378805975215261492e-01 -2.176839716310831341e-01 -8.280611562836373563e-02 -1.048185371073796501e-01 3.523162395249132550e-01 -1.345157584056790902e-02 5.306321798914760413e-01
