-6.387357518107698645e-04 3.113300607074384052e-01 1.267412995880696502e-01 1.135421809640374258e-01 1.050334715805542052e-01 -1.082266303152079334e-01 9.558163863341399835e-02 6.673245172425029681e-01 -3.554846386915330170e-01 -1.177264509354964545e-01
2.182221063309503287e-02 1.663452280308975462e-01 -6.882988223838046316e-02 -6.430853492433849516e-02 1.164530494532009797e-01 -2.811058654848757610e-01 2.004255705115907671e-01 5.074640583522642689e-01 -7.752480283032757435e-02 1.982507547683094173e-01
7.262090496478705928e-03 1.268318473509371103e-01 2.233281332497137270e-02 -2.321118117221754665e-02 -7.150435704346090882e-01 1.679346687405774974e-02 3.930905383758813432e-02 8.361076854129756430e-02 2.416811613315852925e-02 2.048906759663874505e-02
2.917377012120963078e-02 8.367749146009213490e-01 -2.675862582503732434e-01 -9.672862537609523692e-02 -8.167099966570558200e-02 -2.890704737743135855e+00 -1.176532923279564463e-01 -1.484802378116150123e-01 -9.960032172695122699e-03 -1.148468788077760400e-01
4.869115628376521898e-02 7.439042750924114433e-02 -4.898537108623494118e-01 -7.017367935059415363e-02 6.704326000960972656e-03 1.941023458706874760e-01 1.478212376291285768e+00 -8.629322427614806168e-01 1.841040879024334054e-01 1.461623951374489416e-01
1.175918099670694716e-02 5.397904329432895443e-02 -1.344079132174367808e-01 -3.566506510526539636e-02 4.048158686689923291e-02 -4.222997637974967161e-02 -2.465400941313042674e-02 -8.565443328253888322e-02 2.422708934978910419e-02 5.512652784377543302e-02
6.938498370666450199e-02 3.195968641723839071e-02 3.626666773312533509e-01 7.915524414701093081e-02 1.667186084763644383e-01 -6.578468346488032914e+00 1.707621226502807676e+00 -6.991950893299090364e-01 1.104741963506941788e-01 2.073208527952326019e-01
2.253396384601367205e-03 -8.065068394690887155e-02 8.241920948964952254e-02 -4.309191329219212718e-02 5.227278882717677488e-01 -8.153546762788808910e-02 1.958281065099058971e-01 -1.290717945595347693e-01 4.156278785910037799e-02 7.568122426006729242e-02
8.643550518781514119e-03 2.695019092862451296e-02 1.534380074030087804e-01 1.801224508408733006e-03 -4.711638837031278948e-02 -1.873832047790060379e-02 -4.149933158068601358e-02 3.717090192814683641e-02 -2.345742300321319168e-02 -7.746589974721929117e-02
9.621962721492958656e-03 1.142460165198865008e-01 -2.354286688092115803e-02 -2.935306783413381693e-01 -4.385478514416591561e-02 5.638743012180785774e-01 -9.161542480735837546e-02 -3.105689417545602973e-02 3.817260055112155215e-02 3.188234717193779710e-01
