5.383854418099158490e-02 -7.798617805285160132e-02 -2.262605794171904019e-03 8.084570053316217364e-02 7.339131631884945883e-02 -1.759976604480696372e-01 -2.252816027063266058e-02 -1.001980825366997063e-01 -7.448272832611814442e-02 3.943587625754352288e-01
-2.407671027588533241e-01 -8.961867878487016215e-02 -1.381682021491791902e-02 -2.211116715691990586e-01 -1.398911205268407176e-01 5.340784864692890016e-02 6.178535271217347358e+00 1.078250208342318439e+00 8.631468803164012160e-02 -1.663890349089857112e-01
2.291986893674203760e-02 -1.759965053621514314e-02 -6.842384186194573614e-02 -3.309781891717823443e-01 -1.293999686482495415e-01 1.125927626885218497e-01 -2.354498703063576670e-01 7.371957793332892250e-02 -1.771598211003379622e-02 7.977964842304365034e-02
5.405663698940835898e-02 3.265746054590434183e-02 -4.415303831484878455e-02 -2.128011075226434595e-02 -4.506009434230584532e-01 -1.924103844805856792e-02 -8.589939923491460294e-02 -5.782375892306669263e-01 7.715132725249901346e-02 2.628519736292985742e-01
7.752178931184536270e-02 -8.367578130716141205e-02 -1.896002888846006207e-01 -5.413416644961593915e-02 -1.408661918518122336e-01 4.031348378961638335e-01 1.015111429541030452e-01 -4.010926704949312471e-01 -3.714227050331879443e-02 3.185340789793508764e-01
3.698215966960408801e-03 -1.012434380915012803e-02 6.769041303213789440e-02 1.111013218358083109e-02 -4.830078983550346872e-02 8.503216339715170130e-03 2.163172095013386753e-01 -9.002080504092634106e-02 3.607819646250833012e-02 2.216459615398143068e-01
7.324777194447600059e-02 -1.579378170798962089e-01 3.275616453559255549e-03 1.619501187163517597e-01 -4.470386793864541963e-02 -5.008567282335421922e+00 1.541761457414544678e-01 -3.311759776993865312e-02 1.065488281802604298e-01 1.190264542836300565e+00
-6.986028635972607939e-03 -1.069812519848786260e-02 -2.205074242017023706e-02 2.738368254837694055e-02 1.027581853077133844e-01 4.075793233471781268e-02 5.300459109780124300e-02 9.351313758023348244e-02 -5.032233732693365720e-03 5.080311986556399623e-02
2.363590468858998983e-04 1.989097026030483412e-02 -4.866349096421514892e-02 2.201635103050745834e-01 -2.046440549623988192e-01 -4.299875238295279567e-02 2.819232916946456946e-02 7.526591581887678850e-02 3.957511986087612621e-02 1.306369714867631690e-02
-1.005113558459702974e-02 8.814277430173829420e-02 -4.621756271686050521e-02 -7.404963016502000284e-02 -8.639863968634878266e-02 2.382995197030238488e-01 -3.335040011458968029e-02 8.273062459038255101e-02 -4.908961701313623027e-02 4.663142146544947408e-01
