6.585529694115052624e-02 2.890800263194870934e-01 2.879073218721998617e-01 -5.712407170559755630e-03 6.026828279331168936e-01 -1.370179578074944282e-01 -1.129730075512105775e-01 -1.325365951479182125e-01 -3.605959656130849900e-01 -2.718547009377125789e-04
3.201352863353453676e-02 8.346218387839547947e-01 -7.533613692216259983e-01 -6.406457545264358788e-02 -4.284804775213889028e-01 -3.921736820526772194e-01 -1.629131663236746963e-01 -3.517534583844776908e-01 -2.338288378639910015e-01 9.622849160166171978e-02
1.325996714482426640e-02 -2.071166146800825641e-02 -8.981819681507244996e-03 2.077826068424966643e-01 -6.061623905034482229e-01 5.402430859440631172e-01 -2.943013722005975441e-01 4.352153822281293327e-02 1.004161034974462713e-01 1.809931305849772909e-01
3.372505241210606991e-02 6.039027227437229056e-02 -2.105306118893330303e-01 -4.202048693993100104e-01 8.930979582037794351e-02 -7.160300667354266291e-02 -2.764388158844569565e-01 -9.716935645056627990e-01 1.058956702678187423e+00 4.208308997841554988e-01
1.179719085299026221e-01 4.267880698735175560e-02 -1.087487635224657634e+00 -2.331007587745621487e-02 5.831891607535896194e-01 7.756452275032699184e-01 -2.417647720128758004e-01 -3.815045804356575476e-01 -1.617807584777338215e-01 -3.066715539881180730e-01
1.941368391407829672e-02 1.027288568835834455e-03 3.943191517762081322e-01 -2.634156885954831023e-02 -2.484508172714686158e-01 -1.191131927973480692e-01 4.833729473051158465e-02 7.357857810298532031e-02 -5.056726084925909637e-02 1.467447174463500439e-02
1.460676516136011904e-01 3.104206011772904228e-01 8.183728743829067620e-02 -1.681167557593049589e-02 -1.021521491283110955e-01 -8.006969595524013883e+00 -1.580322028978493054e-01 2.145132906429786102e-01 -2.741767226219689671e-02 6.850436009839659668e-02
6.933120289573322867e-03 -4.759024982230108947e-02 1.010080409131173945e-01 -2.794913303723644410e-02 2.625973498437034204e-01 5.289116268369357943e-02 -8.690661284098462336e-03 1.029778512218587350e-01 5.503762570591482634e-02 -2.172670758309976427e-02
1.826681598405017690e-02 -1.690586642129045941e-02 1.958907059076136353e-02 -3.027054809041831301e-02 -1.209706228464155729e-02 -9.608924240115475357e-02 6.339167447853627513e-02 5.442639142502586624e-02 6.758853593062563898e-03 -6.735017958089298262e-02
1.690594617724451576e-02 1.910045711239474475e-01 4.970955459904376206e-02 -2.326215917464430905e-01 -6.640793424846082316e-02 9.115400365923660431e-01 -2.222393815073486073e-02 -1.214022148379592615e-03 -8.370637923132384639e-02 1.780310750059208580e-01
